0.32724692045990295 0.94484131296326435 0.013577421233972107 0.056311122499234458 -0.94493672416426289 0.32718183264364714 0.0068290346064528848 0.0096242343520773366 0.0020100684619267493 -0.015064584488103718 0.999884502289629 -0.0091176227533665555
0.12556430994516549 0.99207667701452129 -0.004179831553984029 0.30783833890541834 -0.99208544066872628 0.12556197058426732 -0.00081850848171368122 -1.0059820855306083 -0.00028719528801817487 0.0042495254818459361 0.99999092948488566 -0.0095892896214227145
-0.11869331881903532 0.99279394977516977 0.016494525077747266 0.31401923883989408 -0.99292888181677508 -0.11864268496945346 -0.0040185765300553428 -2.0306051844731545 -0.0020326637232275214 -0.0168548685268269 0.99985588045734453 -0.032976736007253322
-0.82950964468860744 0.55822222691182277 -0.017369362400093027 -0.13396298838866366 -0.55849219735732036 -0.82913390785620855 0.024968546895730269 -3.128550361967684 -0.00046352947287299371 0.030412303837391623 0.9995373314267606 -0.078476065931850941
-0.99517277771680579 -0.097784009581442857 0.0083324643169591251 -1.5749102967745632 0.097970816285627579 -0.99484567649739031 0.026149552783513871 -3.5809375179818947 0.0057325079803619986 0.02683966141042508 0.99962331451783826 -0.069534936199478911
-0.85760845755691473 -0.51351793292066861 0.028408908738870489 -3.5057572959382419 0.51421572841324603 -0.85717198106694326 0.028954784167850793 -3.0033375571147705 0.009482519669608773 0.039440175489667606 0.999176938473892 -0.044854513166567418
-0.34692814404448324 -0.93788801910559749 -0.002631822187916329 -4.0665836705955956 0.93736891064901862 -0.34663971297250851 -0.034357455362834105 -1.9850306741112651 0.031311151663943465 -0.01438655652042826 0.99940614305344466 -0.044382854719833997
0.11865057222987149 -0.99292884263761261 -0.0037888214335290759 -4.0371869832035792 0.9926752898646527 0.11870599410092081 -0.022464546660014708 -0.59777768690884181 0.022755452130244994 -0.0010956380986784911 0.99974046080745627 -0.027596316142989179
0.13776078997911567 -0.99016488448624329 -0.024402177662546747 -3.9108999179279329 0.99040280115293233 0.13798752605139414 -0.0078571065056412728 0.46471607657691982 0.011147027081475819 -0.023085583912050626 0.99967134579454886 -0.022505948336499514
0.0026589343475951939 -0.99998746979410136 -0.0042415000797478364 -3.8414304396604146 0.99971491547879743 0.0027588048244208429 -0.023716592612804729 1.497689566953748 0.023727996909898859 -0.004177230031022312 0.99970972432597249 -0.0046894819545441925
0.45567286822048375 -0.88998656150010313 0.016916190970210812 -3.7529204390756603 0.88959135784483012 0.45463448619623442 -0.043985224892881307 2.9384210616357151 0.031455575269085011 0.035091370881014536 0.99888895402551237 0.027132754861784757
0.84269481216467501 -0.53838981116780915 -0.0013655700032830925 -3.4646034305845208 0.5379015606486558 0.84203336615030477 -0.040518160636029955 3.2018758954878801 0.022964420360277467 0.03340990153049643 0.9991778689889198 0.0033522062854700551
0.99611016470745628 0.083827546645871345 -0.027156623314004858 -1.9278414552066854 -0.084300585864161934 0.996299285305564 -0.016767388663159827 3.4918636249466894 0.02565055534376497 0.01899148553843704 0.99949055647744856 0.040288126002686712
0.68155062350565698 0.731743948884093 -0.0062881531918413027 0.78541602302920122 -0.73175889905364655 0.68156357055920236 -0.00011376460961755926 2.1239264276763374 0.0042025295769697922 0.0046789483973601895 0.99998022289795785 0.041053209466221187
0.99020045225137954 0.13831689893772606 -0.019274330842191857 2.0281893124466213 -0.13790873688315938 0.99021997058912348 0.021109006081928509 1.3144713637383976 0.022005559580590209 -0.018244048748187931 0.99959137152779531 0.021223381542025931
0.9526206796850919 0.11342326254736887 -0.28222155153252215 3.9724903422165716 -0.10812300110639966 0.99354433241610818 0.03433767836612376 1.288691035013793 0.28429431451940596 -0.0021961413753441672 0.95873454078540454 0.22248196855798211
0.94259126271143712 0.019047219820922914 -0.33340503127150356 4.8719223285292967 -0.021374661747815223 0.99976604423077309 -0.0033137046214675734 1.2536329135725695 0.3332639123806016 0.010249888791849989 0.94277786592841128 0.70321955906903577
0.94018989603303427 0.057514500776380026 -0.33576039313450307 5.81510561164656 -0.048014288906596515 0.99817823327309507 0.036535498909914282 1.2246449034157301 0.33725003700249784 -0.018229010402274891 0.94123860722006492 1.1591115718707403
0.9160391795637588 0.069094832852337515 -0.39509255317869924 6.7567311610497454 -0.0807171692412363 0.99665422743916754 -0.012848716563053642 1.1596535626668096 0.3928828834319934 0.04366068025974415 0.918551460129164 1.6393015601087768
0.93437808706113834 0.10187311135003459 -0.34140805439214705 7.6299377250261466 -0.093668137940583665 0.99478023686983552 0.04047913373502126 1.0185151132522905 0.34374972051583053 -0.0058437588123912343 0.9390431194190344 2.1327357627359276
0.99966858411518988 0.0025780356947045892 -0.025613974019829826 8.8853112929972831 -0.0029097316652370482 0.99991228696113665 -0.0129209847065092 0.90632953603002364 0.025578416580547068 0.012991232278208132 0.99958840153791584 2.5361453120784399
0.83999418746608179 -0.54254917069129938 -0.007082542296408801 9.1564974666271954 0.54222577264039273 0.83983217750744366 -0.025944654702553582 0.99588212228081474 0.020024397811824138 0.017953022177031031 0.99963829082672939 2.5174599478680539
0.28406871585523596 -0.95878589669171288 -0.0058795388786309858 9.4109373898990949 0.95863021000825732 0.28412863315599535 -0.017292781165282194 1.4045061628924105 0.018250620041021608 -0.0007239654507864117 0.99983318145685907 2.5249120450107281
-0.37768954104531188 -0.92575431112226325 0.018153953385569393 9.3370583864642178 0.92569506882567498 -0.37796397759048272 -0.015227317420019575 2.4142703241844816 0.020958295179012279 0.011053826600994278 0.99971924197779882 2.5463208567270041
-0.95880024940105213 -0.28274558723332471 0.027513899188638211 9.0826921234878668 0.28141940100539231 -0.95857850470171568 -0.043935988228205151 2.5455582983764238 0.038796939135018881 -0.034382891441895477 0.99865540317461277 2.5834935609709406
-0.89067649308194019 -0.29568162103860596 0.34535165216231195 8.0317663375667259 0.26704810942199175 -0.95501883591506809 -0.12893537257699339 2.7866089176695876 0.36794115280217876 -0.022614199685383116 0.9295740454892194 2.8906129182069553
-0.90748665594649314 -0.070951156186420325 0.4140457736952054 7.0174760404482797 0.061830484679232453 -0.9974584063794335 -0.035407890467129097 2.8997835162117616 0.41550566836492409 -0.006531537247172349 0.90956713802654865 3.4530138121411755
-0.89175865905346907 -0.064582749343236059 0.44787895964247687 5.7019619668200656 0.068198889350788217 -0.99763912545128308 -0.0080676427857093724 2.998620306238359 0.44734260415757143 0.023350457298896839 0.89405780050814099 4.1803127192943297
-0.91433425378161892 -0.055549598180598833 0.40113229052718247 4.0707058326447241 0.025909039381931988 -0.99654210718791159 -0.078946502644399855 3.0780565767271431 0.40413066456273206 -0.0617905392714026 0.91261182066453295 4.9898100955339579
-0.99797552647256582 -0.056310678414119318 0.029562747814549772 2.5981082455337572 0.056082215644775044 -0.99838995598080382 -0.0085018165718593712 3.0797369337144551 0.029993893548153756 -0.0068266604712868576 0.9995267695547887 5.2691623631666493
-0.9978967146491059 -0.062536965272935952 0.017066776701314498 1.5354476398625485 0.062153362843005044 -0.99782077158471005 -0.022151010843746401 3.0540803615036056 0.018414841292465383 -0.02104366338225391 0.99960895246672732 5.2866208506516248
-0.58400393535141826 -0.81088336844596698 0.037517546185467321 0.76834902258277327 0.81158836106198717 -0.58418773699733084 0.0070014377562788548 3.4408597826749059 0.016239940972004822 0.034537671022515683 0.99927144139996638 5.2817178050784728
0.0021798300874819976 -0.99990630921959511 0.013513738329469624 0.19976880369822964 0.99986069971974345 0.0019557089655492643 -0.016575776252924859 4.8431971433786885 0.01654779431630287 0.013547988237732509 0.99977128510373592 5.2940804683573006
0.43912161546641104 -0.89840303430467738 0.0066479156371127054 0.42837527867048608 0.89842423152341733 0.43908757933112225 -0.0059998240551198227 6.7315174878196826 0.0024712429517165088 0.0086073009291039414 0.99995990286060443 5.2785051641006397
0.96746474487159118 -0.2528373960617325 -0.009231391188200053 1.657036633170395 0.25260575767445653 0.96734277283394632 -0.020935401492351586 7.4848073421470689 0.01422317194794138 0.01792236029809768 0.99973821092378201 5.2934380229743265
0.99967430266079671 0.0091636655946561799 -0.023818392735851356 2.6504155175992499 -0.0094018596902381794 0.99990671638038431 -0.0099077531137412422 7.6032982466491816 0.02372537953363479 0.010128463371464077 0.99966720492157679 5.3078510740712037
0.99979432992747663 0.0094673968030774217 -0.017935056248618866 3.6690268162170279 -0.009259887417308767 0.99988963251957264 0.011617971634185239 7.5798234677463308 0.018043068749157117 -0.011449505563431351 0.99977165217486841 5.2980047082363013
0.99979043135575685 0.019240463024210015 -0.0069927070640500369 4.6723392674240127 -0.019175627628460729 0.99977358496118507 0.0092235632439172759 7.5723884395005205 0.0071685894375547619 -0.009087540727498027 0.99993301172078608 5.2957086268252151
0.99966606365827326 0.024047697508854833 -0.0094588273319590136 5.7594359138560565 -0.023878645087317206 0.99955998480434261 0.017596791944454824 7.5516960883523483 0.0098778276340063531 -0.017365051755324701 0.99980042183366158 5.2889680179369511
0.99945228207258907 0.031640774508393373 -0.0096952178110087661 6.8271780928042158 -0.031426584588402785 0.99927477691181787 0.021500930420438692 7.5508649373254348 0.010368492706361023 -0.021184466392750748 0.99972181767862434 5.2889153413167129
0.9994130648095082 0.033286631060867204 -0.0080948181377624145 7.9120445922163363 -0.033333049327259015 0.99942822383421837 -0.0056686176556520846 7.5438115640447974 0.0079015005291560962 0.0059351155167497657 0.99995116915436955 5.2808967461758423
0.99946018363781652 0.032625507562499496 -0.0038623281775770437 8.9899809953959924 -0.032619048256213333 0.99946637081237721 0.0017237476597696734 7.5323739271103278 0.0039165052688389674 -0.0015968316833729363 0.99999105551752521 5.2684739210800124
0.99733079488311571 0.072758261992545412 -0.0061254297511801302 10.057922439917201 -0.072643785651796161 0.99720963311454791 0.017199652023358623 7.4875127473676359 0.0073597543429394143 -0.016708768218299381 0.99983331164781608 5.2609159950582285
0.99703193216286556 0.076354831661575598 0.0098623490870771695 11.129688334098077 -0.076465892458847731 0.99700676723754333 0.011422494167860321 7.4323844690895813 -0.0089606661613326425 -0.012142724754984898 0.99988612386484776 5.2422247253191028
0.9970781590767922 0.07622243040327456 0.0050284983298187922 12.178197121918366 -0.076231572264844893 0.99708877179948519 0.0016518297200140469 7.37854339510241 -0.0048879527478029507 -0.0020303336701531717 0.99998599273345978 5.2399894301084915
0.99657609577959994 0.082541899761722021 0.0047874945864683077 13.264690550733484 -0.08260186343597406 0.99648307434619443 0.014085975239983405 7.3100587871568425 -0.0036079741676348933 -0.014433202183942697 0.999889326474247 5.2137863577943859
0.9966440882146036 0.081058423012075539 0.011405853132355908 14.328198309848938 -0.081277162807530695 0.99648608148155604 0.020236408265596056 7.2525511504708131 -0.0097254425523777225 -0.021095532046600727 0.99973016074080279 5.1982879645467728
0.99634413860108206 0.085045914057789759 0.0080962940499230002 15.411475807066429 -0.085072772443912106 0.99637012641423606 0.0030322562532748539 7.1754204566040878 -0.0078090245212913984 -0.003709944926034978 0.9999626270239661 5.1749742184708465
0.99603756034898971 0.087443835582075469 0.016209688236592031 16.481864859806592 -0.087281460636827055 0.99612867968175289 -0.010469008768251792 7.100898123580464 -0.017062385622607579 0.0090127206870443503 0.99981380559716349 5.1396554352873798
0.99597340748084873 0.08898864817917107 0.010862416224345917 17.537521626421615 -0.08918188092622234 0.99583730008224758 0.018832521853446454 7.0338953831931903 -0.0091413185836793417 -0.019725421672125296 0.99976364408514495 5.1215016395281534
0.99448501796742916 0.10335018393642989 0.01784064232667051 18.599379439690548 -0.103316426651829 0.99464458074110684 -0.0028060624093665561 6.9983142451525504 -0.018035105273308365 0.0009473556112316574 0.99983690544764681 5.0944164695266601
0.99387958679887145 0.10964645185251914 0.013454461737941716 19.674229227247501 -0.10966304224280139 0.99396869559506107 0.00049934267445122561 6.9271223235088346 -0.013318562631083461 -0.001971743696876685 0.99990935995030861 5.0696031166399331
0.99163142979079055 0.1277394790338382 0.018701148286562979 20.72100996257943 -0.12795573682670416 0.99172042797672988 0.010859196415342684 6.8712829870894048 -0.017159162689584527 -0.013161239676237915 0.99976614510893347 5.0341341723167803
0.9094270861317254 0.41527094843990636 0.02219041215886014 21.7658770223792 -0.41494741146873526 0.90967084706125056 -0.01782121551025918 6.6044963634259926 -0.027586604092485874 0.0069992420080771493 0.9995949128951972 4.9967936792908159
0.75106560582616477 0.66017816764913928 0.0080772956118291602 22.70253937952144 -0.66006116410683302 0.75109476817824417 -0.013263063492343406 6.0721740480954063 -0.014822799428863437 0.0046299216726088206 0.99987941695106275 4.9649994296780742
0.05939907184136857 0.99806404680473249 -0.01843661411823868 23.419972748508908 -0.9981939226471005 0.059220387183177702 -0.010091507928406546 4.6819368616654655 -0.0089801478149585442 0.019002742371442741 0.99977910196582231 4.8986280341026465
-0.077879495171885527 0.99692709945064673 0.0084346080343343059 23.454237634646713 -0.99695828556034793 -0.077850953747922128 -0.0036614004302544158 3.6772053165405736 -0.0029935070308980717 -0.0086941003824138035 0.99995772487350509 4.8958212113097508
-0.10792331088750513 0.99294972428343797 0.049024524602727458 23.397022255298502 -0.99412964990096764 -0.10740845466465414 -0.013025477124866777 2.6078976371078237 -0.007667995491548423 -0.050142486097075903 0.99871263781587649 4.8866073582422178
-0.096189890714679635 0.99389714850344713 0.053999658526835616 23.345234246977174 -0.99529490477878124 -0.095407077683270988 -0.016897989505712814 1.5337283349537996 -0.011642913969229228 -0.055371000755405873 0.99839796415540139 4.8752991279842632
-0.10520679471956314 0.99348072992569536 0.043904095607848539 23.311621196231524 -0.99444675220873568 -0.10498481016195618 -0.0073380281244724288 0.46490467039152994 -0.0026809263945937974 -0.04443229570442455 0.99900880062795316 4.8642135255807961
-0.10037335517152836 0.99313658742954203 0.060040888404601402 23.24618462024744 -0.99492570761545085 -0.099767676117182874 -0.013009501453598278 -0.60235973621628747 -0.006930071969648067 -0.061042030691814908 0.9981111383966792 4.83708196245124
-0.052312338765292378 0.99622589131462835 0.069263213088043285 23.175718458996105 -0.99858326775545292 -0.051507371934718098 -0.013358442844128498 -1.6754939424856974 -0.0097404605510479497 -0.069863897048139362 0.99750897706110919 4.8255258389725482
0.051629637171269185 0.99770546148111705 0.043797176807583153 23.2541962377509 -0.99863612106029642 0.05191935049311034 -0.0055026137442727874 -2.7412189097360744 -0.0077639087583636496 -0.043453344809406366 0.99902528924230283 4.8092103897456369
0.048634226778901127 0.99812435032066826 0.037181894553162648 23.365580843377892 -0.99865684165165225 0.049258639556061946 -0.016065461444752543 -3.8086950371656507 -0.017866857808951114 -0.03635062208587439 0.99917936711383548 4.7752716530756958
0.047335608557691845 0.99734167189635115 0.055397921093340539 23.460403484423242 -0.99874319519284238 0.048170963842826306 -0.013841542487926198 -4.8624397495983658 -0.016473318380487746 -0.05467309888276075 0.9983684099770439 4.7485997221161025
0.04420867368208569 0.99860057872308461 0.029025460292495833 23.576864297382965 -0.99860079691522241 0.045015274364605187 -0.027750197731941734 -5.9403848245237088 -0.029017952573422705 -0.027758048342772717 0.99919339928796902 4.7179459322685462
0.040447816357412472 0.9982875067300836 0.042261425183614532 23.677830386491809 -0.99890308810022055 0.041399030450663114 -0.021880147659191433 -6.9873965737431627 -0.023592260081645174 -0.041330063929036938 0.99886697366559352 4.6889377418571252
0.03650195595235968 0.99834030299493681 0.044544883293479297 23.742502950882443 -0.99898998778624903 0.037621916439421553 -0.024568184838425929 -8.0529178245505708 -0.026203272972700819 -0.043603105616491125 0.99870524063214738 4.6367817819905603
0.030613867357740385 0.99799274020829953 0.055437186228490233 23.824930135992819 -0.9989824684525711 0.032387666232182574 -0.031385773854417348 -9.1065258814380119 -0.033118255536947659 -0.054419937224902883 0.9979687628290913 4.6020284342768107
0.03749497692502575 0.99879586424401345 0.031637766584356616 23.868598042930365 -0.99881285885402793 0.038443243543820574 -0.029916383699807987 -10.185748933016329 -0.031096618678490201 -0.030478493973373148 0.99905158110674119 4.5637784570375386
0.035538902406404768 0.99845089850769886 0.042811093012406091 23.96599360714141 -0.998884207909151 0.03682226802563509 -0.029571265903852346 -11.18825714217888 -0.031101858553084664 -0.041712394400431389 0.99864545788178838 4.5185281968870905
0.00055449846579825831 0.99892630591646636 0.046324160861624726 24.060943130206965 -0.99952484009308673 0.0019812866521499691 -0.030759852731953603 -12.242151009195107 -0.030818607501652127 -0.046285093186513832 0.99845275480634277 4.4601287872113575
-0.037068063000812647 0.99808610304984868 0.049498379813228105 24.115165918506776 -0.99872865442643421 -0.035307639239217758 -0.035978402395288302 -13.305238378246971 -0.034161872503301403 -0.050769099953811021 0.99812597649642809 4.4127959792174503
-0.046576267480684344 0.99834403080424661 0.0337616271097421 24.104272015749817 -0.99837554560134212 -0.045414184381854142 -0.03440671158587482 -14.368465150620375 -0.032816478372768201 -0.035309319088032295 0.9988374896512191 4.368818104482262
-0.47605989856206155 0.87940135422631993 0.0044979068458964478 23.945321766793935 -0.87926281975620257 -0.47587797680274208 -0.020905620978593629 -16.019155649712221 -0.016243976589844996 -0.013907170058769826 0.99977133577908961 4.2852276919765959
-0.91242050192214963 0.40883838544331708 0.018439150203695499 22.714280971312782 -0.40889065481382347 -0.91258282204658991 0.0010125766167257315 -17.341498870871963 0.017241231918149195 -0.0066157005361319743 0.99982947167422553 4.2675512387846961
-0.99169136458835827 -0.12553941970269916 0.028072967452506214 20.981127124873677 0.12430775447791764 -0.9913543329580482 -0.042002008308664129 -17.382875858165438 0.033103165672449933 -0.038163341389517977 0.9987230546034519 4.3317685980646585
-0.99702852733991298 -0.071647860138876973 0.028296639516457511 19.932921433121322 0.070575245752699148 -0.99681097716390554 -0.037242589766102216 -17.241241880716256 0.030874752749626054 -0.035134882140971879 0.99890554593494452 4.372124114138372
-0.9964756015960633 -0.076107725526963516 0.03527023587780672 18.934734955601041 0.073531741567174319 -0.99487978319582027 -0.069334695285520817 -17.191221678753788 0.040366550581663857 -0.066496850326538931 0.99696976408053017 4.4081088432449347
-0.99700112310252809 -0.070903495239020717 0.031007336151107609 17.88951034446406 0.06857790812880829 -0.99514878141900398 -0.070540579505331866 -17.142324347278269 0.035858486428938234 -0.068202618741229307 0.99702686611137226 4.4481159398854331
-0.99874805349108087 -0.038593036884774584 0.031826139442091658 16.812800876177121 0.036686059970601696 -0.9976148835569344 -0.058469454499916119 -17.088728803260693 0.034006744207736937 -0.057228678210271229 0.99778174955182197 4.4782963698351193
-0.99895563993739367 -0.040278293954996089 0.021570546431351111 15.763885267043248 0.039214607865724081 -0.99809395956904112 -0.047651467991350414 -17.076524118557785 0.023448751932877779 -0.046755822181500858 0.99863108760188424 4.4956703049610107
-0.99834104158786896 -0.050157767544380519 0.028273008969915119 14.678532812101928 0.048158464555506313 -0.99656051509471877 -0.067438134952004944 -17.069038677269475 0.03155831067888544 -0.065964673190372719 0.99732278371547411 4.5221041709714669
-0.99903783181961014 -0.03772538257428986 0.022365287898794647 13.611033488775945 0.036702186178319669 -0.99833414667585918 -0.044518323314295727 -17.046750333245559 0.024007501388200802 -0.043654634239765122 0.9987581853414208 4.5370920051577697
-0.99883673639515269 -0.041911123945002585 0.023846000024052301 12.540376190692324 0.040367094237453681 -0.9972649486543812 -0.061912194987732608 -17.031244546092495 0.02637558966743692 -0.060877581054449917 0.99779669692510709 4.5530039594330036
-0.99868109489018886 -0.045166478957941993 0.02441433774394591 11.487314802469449 0.043407040270549341 -0.99671748128063575 -0.068338066731044533 -17.028453820460093 0.027420787076314679 -0.067188181164008084 0.99736344867254279 4.5596698530548148
-0.99912252128872892 -0.035329890660448705 0.022494138782675036 10.414997778219876 0.033452176452009999 -0.99631388219668338 -0.078991138951131384 -17.011519194205047 0.025201971039525723 -0.078169348008628653 0.99662149971171543 4.5790383786285354
-0.99943401885329752 -0.032519093204877461 0.0086110705419866415 9.4008405172037186 0.031862336056473907 -0.99719265145855107 -0.067761400650289572 -16.989212603669269 0.010790435569100093 -0.067448680151632578 0.99766439349414082 4.5919505580830231
-0.99916149288243183 -0.034147982220603931 0.022588192738941873 8.3630929679910473 0.032856298669263401 -0.99793042809491261 -0.055274988195933135 -16.981290180437782 0.024428974164021476 -0.054486475317877786 0.99821563263091007 4.6116969728390798
-0.99839776342974484 -0.052781530081275091 0.020396471772411953 7.2789853044219424 0.051199169553820589 -0.99612107827926644 -0.071564253959296886 -16.981442031095806 0.024094626278124254 -0.070405308677904843 0.9972274271671866 4.6097710019373581
-0.99851728143943586 -0.051829629718647963 0.016641158313839215 6.2027980794358131 0.050378344729323524 -0.99566433364969542 -0.07819563338346712 -16.972196351398104 0.020621858527588056 -0.077241337256264558 0.99679913461526048 4.616063425934704
-0.99868049479142595 -0.047877658005921725 0.018574153736329542 5.1490411519251813 0.046717465933681521 -0.99719123994651426 -0.058541518178715675 -16.962765396042343 0.021324814181795635 -0.05759653494613709 0.99811216376833645 4.6292482867904354
-0.99893935773775588 -0.043950948969054229 0.013728570471809445 4.0715336534917439 0.043289740518727915 -0.99803832208626442 -0.045227270678818057 -16.936638394449357 0.015689420903942066 -0.044584994470712451 0.99888238563894272 4.6317574818177238
-0.99861106746898409 -0.051755806518038794 0.0098626781415297061 2.9882532928949046 0.050977209402082599 -0.9964253133102946 -0.067364078825866119 -16.914613610117826 0.013313904387229772 -0.066767742856476853 0.99767971236455399 4.6374670057591398
-0.99831171453439826 -0.058072891772486028 -0.0011224368896657405 1.9159876274691314 0.058043233527030801 -0.99670769800837355 -0.056610491718190187 -16.896133055250843 0.002168793470279257 -0.056580066914328021 0.99839570930711308 4.6370809247502551
-0.99885633884842207 -0.046657928699776828 0.010442798081581418 0.85639465495143707 0.046043579865683734 -0.9975389896399609 -0.052876770904040464 -16.889239520415341 0.012884218854030004 -0.052335473987846125 0.99854644111678093 4.643751307564191
-0.87119234197192374 -0.49036764706240954 0.023737607376288522 -0.891033053401034 0.49048157740706311 -0.87145079152517235 -0.0011576590300283567 -16.784526272298127 0.021253835271635959 0.010634315428216181 0.99971755302266219 4.6314310774393057
-0.70343105395786321 -0.71075853154197899 0.0026574739922255834 -1.6765705799171808 0.70952183416001169 -0.70241819643467096 -0.056457454491650017 -16.121458492065351 0.04199427553777442 -0.037828390895643056 0.99840146918176353 4.6605733199533086
0.040823342571826959 -0.99780276156519165 0.052183366259190019 -2.4080525708467682 0.99808551109385069 0.038294908514599893 -0.048567607789403167 -15.086232684289984 0.04646253593800205 0.054066153874082208 0.9974558054166982 4.7073081447014715
0.15360717108716748 -0.98812319315527219 -0.0041703883783602022 -2.2863137869670207 0.98663853747283814 0.15360559783304939 -0.05431129429327123 -14.030582880227746 0.054306844541516901 0.0042279383841529851 0.99851534348399629 4.7423299250954942
0.13157768715290757 -0.99124188035225747 -0.01126263198423858 -2.253990218440677 0.990386602338443 0.13193635997086273 -0.041559292897661811 -12.958933630437468 0.042681262305680367 -0.0056860841850737247 0.9990725590739814 4.7907916476195007
-0.039026247178410994 -0.99833983799199821 -0.042361774151705139 -2.2984428617399586 0.99830071997452619 -0.037118628015702121 -0.044920818698845996 -11.90986796834042 0.043273831925451513 -0.044042880609043267 0.99809197979852804 4.8459337968473903
-0.030457030830787303 -0.99938121371316968 -0.017594287429853091 -2.4275822603088972 0.99897582934244433 -0.029845968043693844 -0.034007507716833058 -10.915115190020437 0.033461345797025643 -0.018612035587936657 0.99926669636725385 4.8704292737170558
-0.0164286124203444 -0.99979439247095425 -0.011885851992084027 -2.5661132884040372 0.99888284572783081 -0.015884539000139003 -0.04450552697613562 -9.8730878127961343 0.044307575025187035 -0.012603737715006813 0.99893842882882367 4.9130203370279126
0.18413441720146528 -0.98285349085812745 -0.0096711896822230213 -2.5986391866789051 0.98192639480445998 0.18438099806137762 -0.042710686487175728 -8.8084427598613111 0.043761530916916896 -0.0016318890535447414 0.99904067252035578 4.9325084633145986
0.20551589159530959 -0.9784416601029382 -0.02037488838721159 -2.4025596127299584 0.97751981101912011 0.20623520563846184 -0.043841293553056195 -7.7592304215834638 0.047098167341509831 -0.010906774512554694 0.99883071884218877 4.9595932403412055
0.20663938098558129 -0.97836845172511122 -0.0097641638097923315 -2.2408247910401422 0.97774713009070191 0.20685685394771386 -0.034939827908138356 -6.7124752937548351 0.036203809541150919 -0.0023269387320794988 0.9993417180978913 4.9966668324740704
0.10361134772424527 -0.99434412924310656 -0.023333265149438717 -1.9859300670669247 0.99403488035490528 0.10432521865359477 -0.031794738412021205 -4.6519847390308477 0.034049159469431066 -0.019899783733702249 0.9992220240500993 5.0384651376940273
0.11118731022328429 -0.99341393600135974 -0.02767912216089162 -1.958057651543577 0.99335363457442483 0.11192848958650738 -0.026843433026778919 -3.5944362983921105 0.02976472279547036 -0.024510507484944773 0.99925637165831438 5.0703544856952023
0.11166399704330753 -0.99360380104775425 -0.016811850218430773 -1.8779259243202369 0.99352664796723456 0.11197882416580164 -0.019119171463099438 -2.5975003999819366 0.020879452658130807 -0.014568098087918721 0.9996758569530414 5.087986456426262
0.11462056096696455 -0.99334360944029898 -0.011428061416412729 -1.8157073139299187 0.99294332471423574 0.11491153763182028 -0.029306866508222493 -1.5452327343278673 0.030425004668173602 -0.007988247818494925 0.99950513104622529 5.115479422679698
0.44759816382233558 -0.89377826242145564 0.028570988183071036 -1.6248873572762668 0.89402874780125297 0.44658071026094409 -0.035752864609068159 0.49759614115273576 0.019195881011229595 0.041546201339162869 0.99895216667590669 5.1281792245647431
0.97205099239526782 -0.23475794855613905 -0.0023608839632807254 -0.59412103489115797 0.23448185403515115 0.9713075208406754 -0.039748711759990854 1.1720994556869651 0.011624470379891441 0.038084190263860639 0.999206918581098 5.1114804387252599
0.99400515208007556 -0.10876852693439833 0.011097981203207267 0.40555575537271299 0.10904881584808167 0.99361552481580084 -0.028923080872407667 1.2869993930471122 -0.0078812055167244276 0.029959913109715932 0.99952002991739064 5.0972530036795574
0.99987252082095279 0.0072002871390489352 0.014251244586652901 1.4709141202692795 -0.0068894940622602346 0.99973995507905589 -0.021738378276526391 1.2716898185114442 -0.014404061188409263 0.021637423220950316 0.99966211538581273 5.0853233043495392
0.99877015774455524 0.04872005896925645 0.0091939030312790711 2.5376734719559799 -0.048647533556269142 0.99878433782998222 -0.0079538660043762706 1.2479773456089558 -0.0095702391719359077 0.0074968232976427096 0.99992610135081272 5.0757014939991958
0.99196842752879943 -0.00019361519320826027 -0.12648557743552422 3.5816309097839594 0.00029702726848629277 0.99999963691058436 0.00079871991410552341 1.2409762015061978 0.12648537686563932 -0.00082987460279977904 0.99196812486455466 5.1250538351422543
0.92437208295396422 0.035255345523830105 -0.37985959625543858 5.1521692647624633 -0.041620302943954988 0.99909688595189894 -0.0085535293342356433 1.2060592950165756 0.37921498208562759 0.023716515199615019 0.92500460770127169 5.9026917241781796
0.93570803065240293 0.011533781475225383 -0.35258680244371521 6.9805266698805291 -0.01832234886847935 0.99970534284442369 -0.015922280623547801 1.0675983349505844 0.35229926611411422 0.021358824246550182 0.93564364355360286 6.7805932700797618
0.93088287116853363 0.0060601324676575006 -0.3652675115028734 7.9564728243572267 0.00079737334915550376 0.99982631175433445 0.018620164324366237 1.0370822076632371 0.36531690949197709 -0.017624446606880683 0.93071635556759813 7.245165088151408
0.99932070956452612 -0.036452880173023755 -0.0054135905407609953 8.9084936962126804 0.036536086412647759 0.99920164699762537 0.016161157968418997 1.154206306410186 0.0048201478296190673 -0.016347971260184807 0.99985474445570177 7.5550480586749478
0.81981166994728893 -0.5726194529393428 -0.0039734032875068277 9.2711773776480939 0.57258776999656091 0.81981428020159308 -0.0069131489141620222 1.2292917589190684 0.0072160563054137223 0.0033923580282229156 0.99996820971389155 7.5149624232251666
0.069463693394105033 -0.99758136388926499 -0.0024935358196087982 9.4635772236901818 0.9975140860254601 0.069488268609795692 -0.011705926123279954 1.7234245499104055 0.011850885234469715 -0.0016742002409472539 0.99992837422123027 7.5121170845546512
-0.68120742487298747 -0.73198699651120103 0.012307771383317734 9.0964584637459538 0.73156864466309024 -0.68126031288086897 -0.026300270707154617 2.4954789329464373 0.027636252345826874 -0.0089119600521663424 0.9995783183544481 7.5406591764823947
-0.8879770434776364 -0.16712629652650346 0.4284455289369361 8.0299362138986492 0.14582728017741536 -0.985878187990326 -0.082332270714275818 2.7966573268889046 0.43615498920999785 -0.010630120142615529 0.8998087718693234 7.904546737986613
-0.89762226830715353 -0.18363919145507568 0.4006880467406615 7.0498877740263568 0.15917930900017546 -0.98278123509514237 -0.093824258755894618 2.8933665925054579 0.4110185044804518 -0.020437497561894936 0.9113978810969775 8.393108090741606
-0.92003466194167449 -0.092085116216495858 0.38086290472723 6.1403692869795954 0.090594071025152448 -0.99564744032039176 -0.021883529846475548 2.9772701706413733 0.38122032359379565 0.01437031505731187 0.9243725217271419 8.8873997391793615
-0.92693125101124041 -0.019769863826295437 0.37471003240242512 5.2197118985883586 0.024497545933302646 -0.99966901152147791 0.0078573307755811003 3.0638757497112938 0.37443066933944186 0.016462681675866241 0.92710876059395353 9.3586139979074421
-0.98764316148503173 0.023716225244181439 0.15491457720956678 3.497065493382514 -0.023666961024422152 -0.99971755922322991 0.0021625763839182954 3.0514878498581495 0.15492211116467544 -0.0015305034841677208 0.98792550176183069 10.157433739777311
-0.99934931263817328 0.01864315649295779 0.030876917682790047 2.4501311205933671 -0.01945908735066712 -0.99946365573625773 -0.026339035323914677 2.9969238049190676 0.030369314267691554 -0.026922733484815466 0.99917609617755365 10.207196073656567
-0.99583575063046548 0.090304525716244879 0.012500016056849951 1.3691123303551012 -0.090545290939610765 -0.99568621026932669 -0.020261317039314181 2.9169354350352483 0.010616404990328921 -0.021308761453224561 0.99971657415009929 10.217214121756721
-0.96591579531054284 0.25577251371095266 0.039838393536663991 0.32719105630508827 -0.25634464187101108 -0.96653476849609687 -0.0098977710732892979 2.6837764804531115 0.035973614686665177 -0.019772772141930451 0.99915711303488131 10.22089408534254
-0.53240435489136506 0.84559680357522526 0.038879926389737682 -0.69773362591790533 -0.84626785153207118 -0.53275539175506237 -0.0015543549151900669 1.5821866823160242 0.019399132867266529 -0.033730377099462368 0.99924268088624302 10.238189460134372
-0.25782159299281449 0.96481106368104996 0.051649177973016588 -1.0543996075520008 -0.9659905343333548 -0.25849218612289293 0.0066390731105505068 0.57226742009149056 0.019756360115341921 -0.048180920622674941 0.9986432221383893 10.25202615485593
-0.14154576556454926 0.9895319388382845 0.028130735320845788 -1.1378286509580453 -0.98969533500857831 -0.14207578181075739 0.017821786810529542 -0.44599096172921965 0.021631923469806514 -0.02531825905957753 0.9994453690148295 10.252863054164857
-0.13579360518645936 0.98997374242546687 0.038885551282954914 -1.2311584925560237 -0.99062012873041672 -0.13627617206747897 0.010028234179933093 -1.4422702357839849 0.015226862598602089 -0.03715903974472682 0.9991933488673016 10.254552335699838
-0.16595063548542602 0.98471833264199526 0.052822267470753075 -1.3384071683294536 -0.98609673124505159 -0.16617218938698913 -0.0002002552351173803 -2.5188677393465442 0.0085803968327725615 -0.052121097773388442 0.99860390944412436 10.259246506428077
-0.17201818013902623 0.98506366637667231 0.0077018754992152424 -1.4722275072195912 -0.98501551824970857 -0.17209780560397142 0.011259401118876688 -3.5245902493091421 0.012416702819816215 -0.0056496451964297518 0.99990694917089096 10.251429158453611
-0.10628140121346472 0.9939729098803971 0.02687225669716712 -1.605403480842841 -0.99429487012459128 -0.1064842585902976 0.0062300815722316598 -4.5872077638252611 0.0090540046401893452 -0.026056805183493497 0.99961946154704528 10.244775738495473
-0.084343414747675732 0.99590253593033751 0.032624029736136796 -1.6815936273749033 -0.99640571318997839 -0.084553966008286283 0.0051265538756737079 -5.6583276001388993 0.0078640391067295763 -0.032074378556604187 0.9994545468049737 10.238626034646369
-0.05493136157870699 0.99756992381284681 0.042857818646548911 -1.6981959698870264 -0.99845237325213365 -0.05450537745376121 -0.011046364823100221 -6.7447232258625363 -0.0086835397328140062 -0.043398282600284332 0.99902011251278344 10.219640287980095
-0.037826861266812416 0.99907580863145029 0.020412182002793024 -1.6938651667167526 -0.99927982737890653 -0.037879970492132389 0.0022213574898694664 -7.828150245373835 0.0029925173823967008 -0.020313454726584548 0.99978918197627398 10.205446254029793
-0.036160343025186628 0.9992064683631714 0.016699196792039659 -1.703456043222175 -0.99933769964169916 -0.036223103524913446 0.0034711447478222124 -8.9096316603795707 0.0040732870188297599 -0.016562619123249633 0.99985453341005581 10.184108900677776
-0.03162187132752535 0.99873686561525821 0.039047797822090391 -1.7032440171475527 -0.9994740130724038 -0.031315718841154264 -0.0084275112818700537 -9.9870008365001492 -0.0071940563446293076 -0.039293752868251125 0.99920180471156039 10.165751236591612
-0.023402451494640764 0.99956847913239266 0.017753331771711445 -1.7141859165609201 -0.9997074803220245 -0.023506779955875773 0.0056907894263446852 -11.059672567948342 0.0061056573953953376 -0.017614960149302347 0.999826201960475 10.151165939453332
-0.028049646186621504 0.99958136023888533 0.0070937727469264945 -1.7113364085772684 -0.9996040147922024 -0.028032945537897737 -0.0024428622104852647 -12.128950095551845 -0.0022429801861602173 -0.0071594851385380145 0.99997185501014751 10.12664005881393
-0.035458370181540903 0.9991973269081974 0.018638827312405525 -1.7171200946792697 -0.99935654608270685 -0.035350842804580368 -0.0060672658296968881 -13.129123762698901 -0.0054034975442920109 -0.018841969443736815 0.99980787274444394 10.109523474478912
-0.024565398127848519 0.99905071429364622 0.035975150926376827 -1.727572122179762 -0.99963382098193942 -0.024139431818394032 -0.012227500992968618 -14.207852891582561 -0.011347473898107857 -0.036262351010936958 0.99927787763729237 10.086639153901485
0.1377534057030888 0.99032169455721797 0.016939318360563033 -1.6716490900734431 -0.99043302311161818 0.13786932484184483 -0.0058716264897307633 -15.260754913745476 -0.0081502114807691095 -0.015968423747325697 0.99983927883227541 10.067879115816895
0.69690197452458436 0.71694575166449293 0.017788397172618549 -0.83066954316899166 -0.71707205388727879 0.69699822603054828 0.001068851789715098 -17.055465850296706 -0.01163217252344672 -0.013500447418658832 0.99984120263263843 10.033097550171178
0.97884623005033 0.20441605483471714 -0.0086101360074235592 0.53592172905964319 -0.20434000960834489 0.97885906072159945 0.0089498444952697334 -17.460777831674061 0.010257601548019097 -0.0070011262692453906 0.99992287994697082 10.034943290039299
0.99735807783947039 0.071180156012366311 -0.014499998565940286 1.6110853157502896 -0.070825510450864881 0.99720813450913448 0.023657631711275561 -17.542869088214037 0.016143470436418134 -0.022568160289822364 0.99961495912346243 10.030227926127692
0.99845257506835938 0.055555078304586163 -0.0024675116886625427 2.6820278336832062 -0.055462778109837664 0.99805613109387692 0.028422516254914248 -17.548776243736228 0.0040417302855705909 -0.028241679491369708 0.99959295313432728 10.032444799648443
0.99854368042913477 0.05385420520407893 0.0032004463555553382 3.6928748398632618 -0.053871174526467197 0.99853287748295105 0.0054762341765623897 -17.568782152745275 -0.002900832669552315 -0.0056406708337391398 0.9999798837988535 10.028083949694173
0.99816154727357631 0.059433976250193053 -0.011879731121182038 4.7639652289756134 -0.059422427596898982 0.99823204947518163 0.001323064272785505 -17.599945191058026 0.011937363314877856 -0.00061470941924690148 0.9999285581927434 10.031219570359751
0.99822424769810381 0.059415749869819991 -0.0042567563897612463 5.8447830070894859 -0.059413289658452634 0.99823322320768026 0.00070220820728703146 -17.619145395657299 0.0042909578785619591 -0.00044805335905617711 0.99999069342102975 10.016995233388641
0.99762589771078192 0.068516982598499393 0.0069275762250152776 6.913813034329662 -0.068671916489837878 0.99731665984596907 0.025370216382449882 -17.640647575290913 -0.0051706965071641013 -0.025785714829659585 0.99965412058789327 10.016916879157609
0.99753673652372576 0.070119307998842931 -0.0019344072369194653 7.9791232347145176 -0.070109544886520991 0.99752812054540763 0.0047223338458351914 -17.681515459554642 0.0022607523968231876 -0.0045750810823443552 0.99998697873106834 10.011509655209249
0.99926049705040909 0.038185423185752014 -0.0045091563173508273 9.0334861250731251 -0.038181473871619923 0.99927036175505879 0.00095873401142845534 -17.724745182879211 0.0045424759283982392 -0.00078585879068515045 0.9999893741127458 9.990774229661012
0.99923360756745661 0.039001433584729378 0.0033295173917837336 10.111758772675005 -0.039032078057234097 0.99919090485964435 0.0096970370886757546 -17.730098496114891 -0.0029486251474596667 -0.0098195633355619219 0.99994743951151688 9.9789281183363876
0.99931959848123408 0.036707440892216142 0.003592196326688404 11.18564258594731 -0.036706756135101666 0.99932604705291894 -0.00025638959703091937 -17.746290574855326 -0.0035991867613659302 0.00012435727460654452 0.99999351517393598 9.9503774938680376
0.99938523586803263 0.034567543159659465 0.0058510929664410145 12.271725484479219 -0.0344657515848154 0.99926658645726696 -0.016685357584874185 -17.75892828657199 -0.0064235735140691268 0.01647343770882094 0.99984366955707782 9.9208795652117949
0.99788119018546695 0.065033463843260322 -0.0019439276177949912 13.345109805152441 -0.065022617653610462 0.99787023534998809 0.005201211015882566 -17.780514587934391 0.0022780402780149958 -0.0050637913766964793 0.99998458415586833 9.9012331298112368
0.99787992779545476 0.065046557965151505 0.0021435950700236998 14.411254367101229 -0.064958369760113557 0.99747408212435096 -0.028737878980399055 -17.822750908262144 -0.0040074806358122101 0.028537708160780568 0.99958468341200779 9.8614882328232802
0.99987760734067233 0.015641602465370795 -0.00033258233197856817 15.477214449249905 -0.015643090002092613 0.99986475081227133 -0.0050767921270255508 -17.850550129100018 0.00025312818623805724 0.005081373380288517 0.99998705770159413 9.8515888413476898
0.9999163120810195 0.0063874075968125268 0.011250327039040157 16.56411507702482 -0.0063948147702398211 0.99997935917724778 0.00062254599449912981 -17.845540098740027 -0.01124611836801921 -0.00069443765243966307 0.99993651927409843 9.8272845371787678
0.99977761957907929 -0.0080255844548888493 0.01950131746695781 17.632665228616204 0.0080975887415785808 0.99996067558596247 -0.0036161219888050425 -17.823988903230568 -0.019471529096655123 0.0037732314828414588 0.99980329179234806 9.7925103932923925
0.99995578989418643 -0.0090890497458835078 -0.0024098613674732872 18.70547817068109 0.0090701411536051359 0.99992887524054086 -0.0077444818832866601 -17.756438061788021 0.0024800799477564823 0.0077222817161595259 0.99996710724330773 9.7751881348924794
0.99986008000317128 -0.0037972634317518005 0.016291138894562046 19.75774296641222 0.0038937716928899402 0.99997503549330002 -0.0058963490548635004 -17.755124500826454 -0.01626834220366909 0.005958958013195027 0.99984990466636603 9.7365994662184594
0.99988968318647842 -0.0018583846584591924 0.01473661642660193 20.80488718368138 0.0017628550764161954 0.99997736764849077 0.0064928062326557066 -17.705148317499919 -0.014748349033812022 -0.0064661114478844735 0.99987032939452725 9.7073965250898766
0.98980217510315882 -0.14210171555169629 0.0099376354491644472 21.870889132577588 0.14214997951331582 0.98983566805429068 -0.0043282296473255702 -17.605711033705486 -0.0092215771655170149 0.0056967257947783539 0.99994125318930582 9.6791208176791521
0.64305429894292387 -0.76581696394627852 0.0023550675423530624 23.371630009230667 0.76553780593318455 0.64273024912173127 -0.029149520595085084 -16.553143639317927 0.02080952421442249 0.020547617769992178 0.99957228808423237 9.6533596894938043
0.44420655300978418 -0.89577327404241069 -0.016455387400666398 23.918772027946765 0.89588468651748387 0.44428487566116809 -0.0012560741259984558 -15.615969777546921 0.0084360373775470184 -0.014184173225135219 0.99986381197805341 9.6641709503321991
0.20831727337588204 -0.978060656703167 0.0011249100443595644 24.228527119787778 0.97744937821144906 0.20814612318607165 -0.035607645761273454 -14.599934494052007 0.034592291732258335 0.0085172302997258403 0.99936521359347497 9.6778545816966961
-0.059798790933474545 -0.99821028039150694 -0.00058371534469897797 24.201421972199697 0.99690775828550249 -0.059690876636943349 -0.051106953699934753 -13.58804687003374 0.050980644102136118 -0.003638044395309869 0.99869301517528841 9.7097245636922604
0.085281718108347629 -0.99627300857997514 0.012927526116506591 24.115372657806205 0.99573923451704804 0.084764894816151293 -0.036308255951092265 -12.515211515635954 0.035077135001187747 0.015968875408476205 0.99925701879861573 9.7503273179700507
0.060537622941100183 -0.99789513035991995 0.023248763678948604 24.162724066677129 0.99777224932629172 0.0598432488900826 -0.029484301528645358 -11.437543040431482 0.028030959366272711 0.024981880758622777 0.99929483684784859 9.756874926080787
0.051295903796663787 -0.99851123005133002 0.018548684995532083 24.176581515696409 0.99813797049246156 0.050645227839479744 -0.033994893120544878 -10.429756367607638 0.033004880167537304 0.020257945563833701 0.99924986541237992 9.7839966136061172
0.051291987056186546 -0.99846887526110861 0.020713213141487188 24.204732756979507 0.99824255545407514 0.050641901292654425 -0.030776587107454314 -9.3452648705973242 0.029680507818190541 0.022255403125572247 0.99931164532760874 9.7957041333062449
0.053767064917449182 -0.99853334422229156 0.0063453294957212629 24.218526068320141 0.99831231729063685 0.053613335544147399 -0.022318767834032621 -8.267377115917661 0.021945839604845228 0.0075346352318560314 0.99973076845516828 9.817700047634963
0.040345213769625049 -0.99878534012930764 0.028286181585121899 24.259904979649487 0.99891835184274014 0.039663294895493237 -0.02426827949848533 -6.1815914416772282 0.023116878631569613 0.029234694813121836 0.99930522991802506 9.8289648491989094
0.03645817175742129 -0.99890905250814743 0.029180584801911876 24.283348448714271 0.99904431606791688 0.035727560139444108 -0.025179276774175252 -5.1788347618196404 0.024109256406917346 0.03007068778324843 0.99925697270109048 9.8293994098741635
0.021685341255214378 -0.99940579072591085 0.026792003250257806 24.286494445181059 0.99960302874400897 0.021191911046178506 -0.018565770439570379 -4.098171253800059 0.017986964736966187 0.027183972662725084 0.99946860917680813 9.8369218223088719
0.023972630755907828 -0.99969678787286209 0.0056254147689676643 24.255255328820443 0.99966398377114807 0.023915582911528798 -0.0099982220819321652 -3.0386504152242533 0.0098606554264281197 0.0058632082244969913 0.99993419296665587 9.8307302255621583
0.02428496525392345 -0.9992403158388391 0.030480020749869559 24.255846658521147 0.99952466876212376 0.023690091919905558 -0.019728560028376193 -1.9599897403654105 0.018991498060515088 0.030944640038675093 0.99934065876171285 9.8231190155158128
0.024944466604526174 -0.99850321255360419 0.048673484629184832 24.261023822787777 0.99967162846959856 0.024628761971270532 -0.0070752608929512432 -0.89816260101735201 0.0058659030640222107 0.048833990251609713 0.99878968385609057 9.816444193719299
0.036313402000584284 -0.99916488242681567 0.018731645954151766 24.245030084668766 0.99927111416254544 0.036083705323786699 -0.012458194510095361 0.16528439054996155 0.011771883260090717 0.019170392148150136 0.99974692739182602 9.8115416192281248
0.034749789951382073 -0.99893059474949375 0.030497851920381468 24.254836593463303 0.99939274381578413 0.034655071631791851 -0.0036289969074110428 1.2429639157683279 0.0025682107961475858 0.030605438791464264 0.99952824442818455 9.7976505775253528
0.034651548986190293 -0.99887322415240654 0.03242764598662403 24.259862442051837 0.99931854551494903 0.034217630734197535 -0.01384190510098917 2.3134448010281567 0.012716711160687112 0.032885191474495923 0.99937823142138804 9.7954435519348166
0.030931874980142344 -0.99915514699050978 0.027059404143212794 24.273455892349244 0.99952112950109129 0.030943680655227287 1.7560466596909454e-05 3.3814692691112715 -0.00085486319111216763 0.027045903014693191 0.99963382712823612 9.7761420299662678
-0.040733792322068044 -0.99905533355075249 0.01513930866510426 24.243450427398823 0.99916639785923422 -0.040769848964989426 -0.0020805778943563456 4.4466063920374772 0.0026958397699351575 0.015041938677132719 0.99988322944670305 9.7678916339354149
-0.28886632296370585 -0.95689177394439695 0.030238723765613235 23.960966516211027 0.95729377049254938 -0.28909648996955495 -0.0034433215709949224 5.4611313674357289 0.012036794988128086 0.027952682247471636 0.99953677427175525 9.7675635651192252
-0.63144666556791151 -0.77472136519841195 0.032892474037002968 23.221715504449779 0.77482542059160064 -0.63205500035287521 -0.012330617745114991 7.0859323781228376 0.030342645702300098 0.017699797570473751 0.99938283005950679 9.7605363836528181
-0.97922792394565794 -0.19371770738931557 0.059884245080858496 21.620571741879822 0.19199094222116986 -0.98082778996785613 -0.033411443126546737 7.8145560380206547 0.065208519919595045 -0.021220185451559299 0.99764600568503115 9.8510473596245642
-0.99779670249115515 -0.015841729930909251 0.064426548026207689 20.544419087028437 0.014125932615268511 -0.99953560136914166 -0.027000733756278525 7.853706261056538 0.064824366757616728 -0.026031158030803761 0.99755710627815652 9.8968016452410303
-0.99861893076831509 -0.0038405173375935893 0.052397342849869688 19.474792258986497 0.0025400572900260397 -0.99968763459070664 -0.024863253113811386 7.7824974208785047 0.052476463487077067 -0.024695822987252498 0.99831675189133828 9.9608172725274411
-0.99935926537620501 0.0019581931738984868 0.035738273408569977 18.468602604794174 -0.0027558419511608629 -0.99974789190973656 -0.02228358043892039 7.7257185311260885 0.035685627945606112 -0.022367791610512444 0.99911271529122103 9.9928445881414039
-0.99839725873512863 0.00040547659122867679 0.056592838229889551 17.395612107044993 -0.00023750342657345494 -0.99999554708752503 0.0029747936472437407 7.6767331195664967 0.056593792436121899 0.0029565848297117099 0.99839290926160018 10.041728129229872
-0.99721337750293593 -0.053652602637571288 0.051835103543851659 16.394284145700485 0.054240315714209328 -0.99847785845478143 0.0099977160779913549 7.6892951885452172 0.051219799691231138 0.012781408598746413 0.99860561169754203 10.07419900050497
-0.99776675521824176 -0.052057078178347739 0.04185167610496144 15.329614494175585 0.052004000864054406 -0.99864409576355229 -0.0023566694143160372 7.7129132389954274 0.041917610563969858 -0.00017495179431964653 0.99912105538642171 10.110721065403199
-0.99739503963418841 -0.05832586196595118 0.042440885229275402 14.327929205819501 0.058168219942537895 -0.9982945684834551 -0.0049409235117079883 7.7245653335856703 0.042656688828743544 -0.002459341855216983 0.99908676226632431 10.138205906038435
-0.99862909578635983 -0.029112657202474107 0.043501519968026828 13.277155477275908 0.029698038258271438 -0.99947604062813622 0.012871314381769767 7.7200781343898557 0.043104008775607522 0.014145578846952131 0.99897044352000575 10.163493238620067
-0.99877205852931428 -0.015580607756571135 0.047027861561544003 12.275327729534528 0.016460633193934301 -0.99969549288246373 0.018383934979832886 7.7227648182167066 0.04672710836303292 0.019135468962736456 0.9987243919979153 10.194592598238584
-0.99883845753832745 -0.014238246148865702 0.046032685008144725 11.203621266118576 0.014573990767959772 -0.99986952674268259 0.0069662245484453838 7.7026755935567488 0.045927492153939611 0.0076290129091679208 0.9989156438991641 10.214516063155134
-0.99917159887404339 -0.01807016621512816 0.036463476198045262 10.154023213939734 0.018079975542482168 -0.99983654203886396 -6.0730145521649252e-05 7.6831131069477117 0.036458613356393839 0.00059857892125381943 0.99933498448488434 10.239625742811656
-0.99941525719419366 -0.014934857092368872 0.030758636691086059 9.1498207830937144 0.014885491843120383 -0.99988752425743599 -0.0018332940090753256 7.6807290814655422 0.030782557074617811 -0.001374364568021926 0.99952515991443747 10.253888300584954
-0.99918718326572642 -0.010429137372568063 0.038938488557823767 8.0981882984146942 0.011433054712502356 -0.99960562660108077 0.02564910383232755 7.6725349054912968 0.038655634226391837 0.026073441681617258 0.99891236731829014 10.277913309105351
-0.99931769860147857 -0.010303869060313055 0.0354678381668843 7.0950533769331887 0.011194334342228099 -0.99962477467022237 0.024999934882748438 7.6724654887057442 0.035196933680063429 0.025379916231051139 0.99905807424374782 10.289962063087929
-0.99942737411922467 -0.014753608120973243 0.030450860555393911 6.0205378420203335 0.015234789744239214 -0.99976176055486066 0.015630844944987333 7.6606682940362267 0.030212994598353141 0.016085806776726021 0.99941403921384941 10.300505710675891
-0.99891549502619148 -0.041504290267755602 0.02110041909415096 4.9593337067919636 0.041567265137625556 -0.99913244201087015 0.0025545626579750566 7.6594705691120097 0.020976087946928075 0.0034288789370681672 0.99977409774592474 10.31527541299927
-0.99860534262990941 -0.046396634881310968 0.025193688548748889 3.9022605000076465 0.046955624591961655 -0.99865316445521657 0.022068675600516931 7.7070135174007675 0.02413584450935595 0.023220882741024389 0.9994389684290621 10.32141788332329
-0.99864822025341748 -0.043094861873087614 0.029061401632082137 2.8244108851659595 0.043719345837338615 -0.9988187538610972 0.021206502184947726 7.7215667180584999 0.028113181681141481 0.022448381133269052 0.99935265006916285 10.33334529413316
-0.99665102977684461 0.079026089935476468 0.021014327356948127 1.7572136762629669 -0.078815096244796837 -0.99683196332596802 0.010687258564256423 7.7184830138160327 0.021792325453663823 0.0089952210204000335 0.99972205164741446 10.332881378119319
-0.98683173327960672 0.16015477025299238 0.022662298153063191 0.71923658534747792 -0.15973405669181359 -0.98697127765530313 0.019306170418682628 7.6036441478884234 0.025459012650603425 0.015432000799311866 0.99955674777682646 10.342403273090339
-0.86888389686492284 0.49417297583032033 0.028876352398318435 -1.1386463088300298 -0.49332684268177329 -0.86925939889131987 0.031886105574909569 6.7472362440321554 0.040858292407529029 0.013459843910945081 0.9990742878001786 10.371877727164602
-0.67942176764347351 0.73331215385577986 0.025285305211027408 -1.9234883488728183 -0.73306829633220794 -0.67987215509630494 0.019614424215356942 6.0363116713373461 0.031574270614093403 -0.0052093888415809947 0.99948783269386787 10.39917108905461
-0.11067897427731849 0.99321784102490407 0.035615795972421961 -2.3390252308090425 -0.99126107410794462 -0.11290709263534127 0.068216357209971296 4.4964980933709802 0.071774979005810993 -0.027754435725897614 0.99703462511903385 10.478232128479416
0.20594958181606629 0.97679037766301857 0.058867035382504096 -2.2987423335079367 -0.97822342095515469 0.20392160214354041 0.038664180762119547 3.4347425996039602 0.025762539560021253 -0.065547984592580599 0.9975167934783199 10.531845799049368
0.78172795415005947 0.6235141565780481 0.011467442920192032 -1.2690446200065997 -0.62262029313295542 0.77930273971231157 0.070931026045856646 2.3346185826143588 0.035289889194997662 -0.062588628549047495 0.99741530332001338 10.563301273467077
0.86721151294557108 0.49728611602163791 0.025509030298458128 -0.3997263238374088 -0.49763869117045439 0.86376707268663078 0.07913391935526734 1.8296269926755089 0.017318338973776652 -0.081320126380146351 0.99653756185138664 10.571233325261025
0.96392743114735813 0.26520037482213649 0.022642187965247543 0.56441222197999208 -0.26615607786831341 0.95969660906517396 0.09024057159926932 1.5270721496403181 0.0022022024002257075 -0.093011718310140337 0.99566257866888996 10.553492648540562
0.98699779559155276 0.16058334003631064 -0.0069528699252876126 1.5608763233050214 -0.15995671116917495 0.98555509427187105 0.055632784459385097 1.3940195157152859 0.015786134718685108 -0.053797277417597017 0.99842708842113126 10.534417137421302
0.99852013004371232 0.0532260900771067 0.011159445890878481 2.6231799574759447 -0.053673648626637684 0.99756109331811782 0.04462067391989525 1.3391366211645941 -0.0087572450343675647 -0.045153609302746874 0.99894167108312326 10.513814638167197
0.96126421080958668 0.046496910474120072 -0.27167840240435753 4.4336844651412433 -0.029771202425750688 0.9974170751077428 0.065367069611849585 1.3144475545470109 0.27401604427979637 -0.054746831870685228 0.96016560648534777 10.639050158843178
0.91397553094980832 0.026919206743129805 -0.40487539457632726 5.3123791552018531 -0.022857013463895015 0.99962822616048708 0.01486493857200134 1.3603749910104284 0.40512502485100493 -0.0043319477788502907 0.91425103142841124 11.125801995448274
0.91649995775835102 0.069799937173304877 -0.39389820537740894 6.261735748887137 -0.040632590625416798 0.99581036138823598 0.081918964415441012 1.3430752989316646 0.39796585281655511 -0.059073622899172944 0.91549630642048918 11.56894939783558
0.90728839807822725 0.077361666203000015 -0.41333150776941713 8.080671879583873 -0.057142818381267842 0.99649593294579453 0.061078260698353697 1.2331900550236554 0.41660828246698312 -0.031796670026690274 0.90852986233536892 12.473598414229855
0.99748328903820527 -0.069126203219440616 0.01576883375487434 9.2709352557217883 0.068509194960532635 0.99697196834752067 0.036788374999856217 1.2390794267565941 -0.018264125913494942 -0.035615479187214548 0.99919865859942036 12.686781472774586
0.61603144475229854 -0.78768488648523605 0.0076012287912186685 9.5753910227618935 0.78732186429567075 0.61599755937043044 0.025909242591446134 1.3762474354757468 -0.02509065719316864 -0.0099762945232061417 0.99963539976793592 12.656067311101836
-0.060599619071504358 -0.99796367932910923 0.019904293715052195 9.6804764571897248 0.99806784884144362 -0.06030773941194522 0.014951443944791616 2.0620746609264216 -0.013720615051880989 0.020771887418513733 0.99969008868532383 12.654037592148855
-0.73775441428990907 -0.67451405063307268 0.027371877800359941 9.2953743017032764 0.6745231754532921 -0.73818195888835547 -0.010289866284736346 2.5499979634804357 0.027146085761312586 0.010871571658001112 0.99957235803993927 12.656116886960637
-0.93065108941849761 -0.068616793866225739 0.35941659027329731 8.4017063958067606 0.053655176610438761 -0.99723308097385654 -0.051451960451396835 2.8782485077167661 0.36195258223566523 -0.028599262418974449 0.93175769940581898 12.87481380564563
-0.91328438883535445 -0.068094837420940801 0.40159023671679173 7.1323938851592912 0.067201622652715093 -0.99760578491855545 -0.016329109279901621 2.9424003555704688 0.4017406713571271 0.012074394959935699 0.91567387314691706 13.543714454559353
-0.8843670353100711 -0.069722563692561704 0.46155575066183729 5.4643216187700849 0.074153849476698994 -0.99721011355094558 -0.0085554683973119126 3.0493220719346859 0.4608645717178339 0.026659961437462951 0.88706994819545681 14.457810927564388
-0.9271411339396366 -0.078456124392618593 0.36640681530563113 4.5525013355408053 0.078493399278350945 -0.99680443857395851 -0.014822196496633831 3.158561083304972 0.36639883191251343 0.015018248384728695 0.9303366853933045 14.91126102120799
-0.99053917495893706 -0.13389804017817591 0.030057573223933567 3.1092809103988301 0.13422106183780896 -0.99091063172373495 0.0089903557215404092 3.2587553757151002 0.028580577859791515 0.012939658933386052 0.99950773673638371 15.198790308075719
-0.46737209726977025 -0.88230823649453249 0.055637204347132735 2.9952041042981628 0.88397194085072228 -0.46729057311759847 0.015268531823119038 3.4228853351608435 0.012527189719315789 0.056317813250644534 0.99833429943501484 15.208960038073622
0.10368486603106507 -0.99451515845920557 0.013749478207605135 3.0865512727736051 0.99453097312146221 0.10384118081989013 0.01118716532496381 4.3988541996476371 -0.012553567548600778 0.012514342203735625 0.99984288724829695 15.144728178047291
0.31391684465689729 -0.94909474560422946 0.025988045465179882 3.191100749057985 0.94937858500283057 0.31411230516739075 0.0037097278136401469 6.4706050080560678 -0.011684048043410337 0.023507947780927855 0.99965537032141649 15.09506743862805
0.50311707883224577 -0.86405797780976612 0.016643796760515171 3.6559939118760325 0.86418034327249504 0.50318210408431374 -0.00032315741577155013 7.4409040420706969 -0.0080956339307219124 0.014545828012885603 0.99986143019854468 15.064950111464102
0.77447010261452665 -0.6320277770302325 0.027146808623983935 4.3749589089164846 0.63213879186345112 0.77483660082319072 0.0053656170362643574 8.2274316983451996 -0.0244255599252311 0.013005040829847613 0.99961705714506144 15.024976863328298
0.86124658793131692 -0.50818159904324511 0.0024035745286259177 5.2261666757530403 0.50782395111891265 0.86080002536720435 0.033736493561076025 8.7617382156203547 -0.019213262259192915 -0.027834847254307984 0.99942787225076379 14.989692762764392
0.97151117326093828 -0.23626773886995836 0.018536337244245495 6.2300884556421625 0.23616426626432077 0.97168329247420671 0.0076169853827063906 9.1821857021945021 -0.019811097117278288 -0.0030223659213492638 0.99979917270182184 14.951372528837723
0.99951441321480505 -0.0029115517049391258 0.031023549805487625 7.3029800016280282 0.002770821685465487 0.99998568094967089 0.0045782576173056229 9.2968034060266547 -0.03103643541148789 -0.0044900737513462767 0.99950816850821989 14.903030569845001
0.9963424729031255 0.084460679498296998 0.012964193301960674 8.3612990324545393 -0.084844353191435004 0.99585973539467321 0.032631628080414685 9.2944737336839882 -0.010154428630488418 -0.033612215611849024 0.99938336314992293 14.881669983692325
0.99311890800899372 0.11673333585152637 0.0093895077612602598 9.4373250622910358 -0.116871124699797 0.9930216762929186 0.015782605102022843 9.2040833894348513 -0.0074816285946655865 -0.016771365876894054 0.99983135904021081 14.850601378840377
0.98100186605696449 0.19319085858646842 0.01768137300598514 10.479365480755302 -0.19365604599887129 0.98060683893205514 0.03012579107286106 9.0295913082895574 -0.011518447848415062 -0.032977562043089201 0.99938971665754983 14.806647923974202
0.99859985887864566 0.048467017001329264 0.021195992794431899 11.542434661629201 -0.049240699193827342 0.99807724590507729 0.037645248696733566 8.8812156646507088 -0.019330685203886599 -0.038636245541314819 0.99906634671578221 14.777731448973489
0.99841628856272591 -0.05044887960770731 0.024896290465824939 12.596834413452497 0.0501039817579364 0.99864179397426711 0.014288398785657434 8.9589484757216677 -0.0255833098842204 -0.013018366801740275 0.99958792328698287 14.737701398144917
0.99645520377499575 0.080799919259262734 0.023417940076536983 13.668744172365694 -0.081463953627321853 0.99625596231333302 0.02894273336331862 8.9689710087310175 -0.020991691907447804 -0.03074785525579344 0.99930671881461486 14.687630349654176
0.99783536729765776 0.060437546863795787 0.025920700203406779 14.739325031338515 -0.061377980460937814 0.99742241244155416 0.037165503814787289 8.92254267125581 -0.023607695450533484 -0.038676014380449306 0.99897289384004717 14.638127345772965
0.99702687501461618 0.065424843030819788 0.040706269946796415 15.807793705658264 -0.066577713678286257 0.99739832134238471 0.027640488866249022 8.8795418873952734 -0.03879199066767524 -0.030268440623621391 0.9987887679395745 14.581638334298805
0.99733718093601409 0.065089298157555625 0.032892716336007551 16.862438106188716 -0.065914631156740441 0.99752044451761879 0.02466220121650315 8.848111187270602 -0.031205911652683584 -0.026764641501975214 0.99915456514154788 14.537437792015492
0.99700516892522728 0.067956687296175239 0.036913165511899257 17.938153162662374 -0.069030242895162935 0.9972036420492808 0.028630784995956522 8.7911464627737157 -0.034864289785019598 -0.031093165412671254 0.99890825222460078 14.478884973374168
0.99704382295803184 0.067309226962531235 0.037055135500214581 18.990807610546717 -0.068547829052618137 0.99709406454915817 0.033235847710146496 8.7546614665350084 -0.034710376451514396 -0.035677645753965724 0.99876037935034678 14.422935672146531
0.99696639729657566 0.067284179736039451 0.039125973709733169 20.055501415298842 -0.067957468997174364 0.99755767122290473 0.016139237647207722 8.7043380558904673 -0.03794449985155264 -0.018749179757613397 0.99910394013307346 14.363671534408766
0.78527215122045291 0.61898367400711152 0.014382622509822085 21.525348008842826 -0.61881400959659938 0.78539930875366826 -0.014735919931917339 8.4521763064293332 -0.020417395636612035 0.0026715392413317672 0.99978797393922481 14.266176641533407
0.0063215906907713119 0.99997784074028395 -0.002086988149808699 21.887434977243718 -0.99978819426145138 0.0063612412621838043 0.019572971798642997 7.72277454495892 0.019585813911209751 0.0019628137974292558 0.99980625285873859 14.271199366716123
-0.76347475034960621 0.64500240095189221 0.032836082971343841 21.664193503546468 -0.64332670740173525 -0.76400181969352898 0.049314977933875168 7.3544658406807395 0.05689510631195345 0.01652641132463686 0.99824336942775649 14.283423275424145
-0.99412583291410128 0.084606170873153738 0.067495364159527088 19.972622185081995 -0.085178620699420102 -0.9963497125078441 -0.0056438427760567306 6.7995997428264445 0.066771482749664782 -0.011359851923297222 0.99770362475822039 14.40634795266199
-0.99126533792441418 0.11733244533351044 0.06021733223629 18.932021778807268 -0.11650588906314728 -0.99304328778372131 0.017070629786359891 6.7016384175062189 0.061801356321706746 0.009905849774558724 0.99803931109803556 14.464780957295524
-0.99083143013069841 0.12102424801775628 0.060051714853878016 17.916097185925583 -0.12105620437018799 -0.99264075397582663 0.0031191232398833603 6.5503459143620004 0.059987269054676412 -0.0041791073256037831 0.99819039396966891 14.52065547245657
-0.9912428354879651 0.11474672207924012 0.06535159421045833 16.918162048090981 -0.11553686679346753 -0.99326742034487714 -0.008429952133998931 6.385108716913301 0.063944300022185888 -0.015906648091367395 0.99782669088432885 14.576838789036971
-0.99791421922610823 -0.014932284415762474 0.062803168299646245 15.862590960899031 0.01619965021134399 -0.99967430543458069 0.019719391139657063 6.2830848627827285 0.062488258092036911 0.020695650171363551 0.99783110177254331 14.629070814447338
-0.99422411608095562 -0.094365218724055677 0.051123502405485861 14.780505339588689 0.093835704258326338 -0.99550712427284005 -0.012665943642864793 6.3426098778747129 0.052089035404646343 -0.0077955767702874408 0.99861201743892114 14.675855189224402
-0.99452519411480655 -0.086585256979249708 0.058503260975295603 13.712103764939142 0.087622001025080568 -0.99603490971618791 0.015389722642918966 6.4210208963204982 0.05693876717375463 0.020431639691969927 0.9981685854064084 14.736651935838452
-0.99546339292284003 -0.074847440326219747 0.058740905910279084 11.623221102676448 0.074822037506297956 -0.99719342158924495 -0.0026348894740734529 6.5393127700700342 0.058773259684599996 0.001772178249334984 0.99826978484290463 14.835130601789697
-0.997330828389559 -0.049218339035413519 0.053933049667072186 10.543446525824915 0.049549564787909665 -0.99876003165874039 0.0048207665739806432 6.5592781867579593 0.053628904269288659 0.0074802582593889557 0.99853291701538227 14.871888333671432
-0.99720347643027396 -0.049255128688470151 0.056206395483595857 9.4758344392705123 0.049115078806619333 -0.99878562400476123 -0.0038712162480568401 6.5714369607921057 0.056328817040620621 -0.0010998087569628189 0.99841166599329279 14.910449200517764
-0.98985017469126535 -0.13379981117342027 0.047898248335701943 8.4233726767962782 0.13397653556691239 -0.99098438628010221 0.00048380423415220631 6.6475065134958555 0.047401683315673057 0.0068961350774329093 0.99885210303619743 14.938093196819764
-0.99585047752677924 -0.081171108265876521 0.041147024103511641 7.3515359107671143 0.080885610858736717 -0.99668663998280771 -0.0085591842946646721 6.6890915105857616 0.041705447674070438 -0.0051954655874498204 0.99911644104760622 14.978261162671219
-0.99881283825608613 0.012135306931673617 0.047176778827042493 6.2890169127611868 -0.010912580600158952 -0.99960004174800032 0.026089693789715658 6.6125157018780634 0.047474516526939431 0.025543900701932104 0.99854578233422187 15.012609629091102
-0.97328300102952514 0.22531644759483344 0.044189346569122726 5.2441833296056828 -0.22535122767420046 -0.97426828705139612 0.0042578200606811657 6.3895737062808733 0.044011635878390382 -0.0058140596129690443 0.99901410030996307 15.053583072715028
-0.88679644100102084 0.46111479390739291 0.031067974952765743 4.2477382489913031 -0.46103850552384751 -0.88732374045993456 0.010003801303908575 6.0024673059741582 0.032180252520145967 -0.005452197349087951 0.99946721051358478 15.068832605710336
-0.34903955285337146 0.93443054558262562 0.070788035896436133 3.0844246906204194 -0.9361795032694904 -0.35105925293592055 0.018037144623350276 4.5817687119460491 0.041705253889753921 -0.059974631388862651 0.99732828867317369 15.12045138506352
0.41868095500982538 0.90442483494092152 0.081987656718236435 3.2182971601550912 -0.90797399387956512 0.4152065336604982 0.056451402498297949 3.3275925182296473 0.017014239637780842 -0.098077787228915331 0.99503329758447157 15.176134665244218
0.98203284358315124 0.18796723563993839 0.016727595459898829 3.2765684864267235 -0.18860700160390875 0.98056224747837772 0.054083988075362015 3.2965485510940513 -0.0062364308681583111 -0.056267194225699674 0.99839626891530109 15.162465035386978
0.93341034159639791 0.075201845458236868 0.35084158339708171 4.5738261580309212 -0.079694401332715298 0.99681799571827034 -0.0016388436260527904 3.1354126943031755 -0.34984844804159998 -0.026430396362635316 0.93643339194573694 14.941148916720445
0.93269021455962897 0.042973995513698238 0.35810920034858335 6.0211606522403667 -0.048399179413972343 0.99880885874962866 0.0061954108272550441 3.0932024884672296 -0.35741640015081461 -0.023110590491222809 0.93365915489025209 14.114334893031815
0.92231927191284846 0.023906391886017682 0.38568853377452822 7.3519123277771188 -0.019587228262812312 0.9996937462899087 -0.015124619592839776 3.0632632093862324 -0.3859319903132335 0.0063951587814357023 0.92250506816874811 13.442696376998834
0.95808109248818818 0.077507632119777278 0.2758136820025886 8.7336302019193557 -0.083276590547186571 0.99648356197599941 0.0092477120662747478 2.9633607654119758 -0.27412703201887267 -0.031828881142914212 0.9611666310488074 12.70905177470471
0.70615638271924019 0.70787816500381562 -0.015864005033684261 9.4174556949395356 -0.70805439820782723 0.70602382586389711 -0.013759596326100977 2.6870593210356248 0.0014602477288922788 0.020949005306607659 0.99977947911188592 12.611007745115563
-0.12155112784888908 0.99239808773006222 0.019270671715817235 9.5163201212556743 -0.9901226618752228 -0.1225934379757178 0.068029136452088454 2.5128141912689239 0.069874442822723509 -0.010811310513051205 0.99749720691599142 12.601917233423107
-0.66470689036880559 0.74647697751073439 0.030608363933263442 9.2703536038133851 -0.74550725407103191 -0.6654064705461763 0.038120376214701782 1.496517552047917 0.048822986632348388 0.0025201193858693585 0.99880426759930219 12.644198234891068
-0.97628479911133559 0.21416727334604224 -0.031628627090988903 8.7958997863024013 -0.21292905110209595 -0.97631248069031429 -0.038407801877818046 1.3356496208217319 -0.039105117579419549 -0.030762299586447252 0.99876146837132906 12.597481867614478
-0.90096684913312997 -0.05880612866965243 -0.42988437514523381 7.5714485919105741 0.037064187447889488 -0.99758241685417992 0.058784076008735212 1.3197713454823554 -0.43230195786272768 0.037029188679490788 0.90096828823981978 12.138742840604403
-0.93246687886409874 0.021707633537297044 -0.360602687826445 6.1443755453769615 -0.037215560008461407 -0.99865438021168895 0.036116907083304936 1.3459683470598105 -0.35933344113052262 0.047097850590211557 0.9320199947185035 11.483423699132727
-0.92035155866988494 -0.055286069691340978 -0.38716464062721118 4.9280198910835269 0.01726030939384212 -0.99473516420697972 0.10101502269336836 1.3648673741658452 -0.3907110059539432 0.086286752101334005 0.91646031350967982 10.90009759223326
-0.99972022051082365 -0.022736468552934555 -0.0065217865291419099 3.5999362722154333 0.022740908918705224 -0.99974120751888684 -0.00060749504462447837 1.3500780094262401 -0.0065062864478465749 -0.00075563643341767096 0.99997854839503386 10.435760085005674
-0.86580913640640322 -0.49829717405839452 0.045546302161824821 2.058282977343147 0.49989684714239435 -0.86536784828201896 0.035236761724684346 1.4562625254023533 0.021855926708601803 0.053276763088298207 0.99834057564667866 10.434800848195373
-0.037541236821544935 -0.99840906316874678 0.042071345597851875 1.9267109181099153 0.99909672975446528 -0.03666171319302506 0.021485887919405675 1.7682529889436089 -0.019909297623009435 0.042839950609887309 0.99888355602637724 10.435184655344422
0.47607976150881909 -0.87704724815380941 0.064313180511742243 2.0592199184616757 0.87857002350342128 0.47753629757002036 0.0085905939442359643 2.1536783726473838 -0.038246234885328724 0.052413824597590197 0.99789278808304316 10.436414339492398
0.92756076322600556 -0.37365675604370141 -0.0034145550936965788 2.3612189502470278 0.37360021826866735 0.92752252132022572 -0.011173600734562878 2.4377334153751713 0.0073421681534965554 0.0090885150970383688 0.99993174340058666 10.425770884062796
0.97682098758172287 -0.068650770532757158 0.20275065949369045 3.8808924177705597 0.065682787491262898 0.99761235512391011 0.021339173636837364 2.8101699527146486 -0.20373151363312769 -0.0075273241848758639 0.9789978599278808 10.279468424895017
0.86888013690801369 -0.11116881144743258 0.48237827796043714 4.7997225222930222 0.096913458260470334 0.99380137025263915 0.054466669550953778 2.8202551965380209 -0.4854431885346705 -0.00057606018947987893 0.87426802461256148 9.7548585995384585
0.9101817874122442 0.025905835628133023 0.41339811507003815 6.3823840018362041 -0.041268262020732631 0.99874798557470501 0.028273518710214111 2.8617097124491773 -0.412148085538245 -0.042794263527683528 0.91011131549733115 8.9554097207443633
0.89904724949740233 0.060009640436004354 0.43371982457099761 7.8127288584004413 -0.048231526996077675 0.99810847657787716 -0.038120713359222173 2.8307519765649354 -0.4351870436660335 0.013353353066957431 0.90024103716009696 8.1959990179251374
0.99032193886483688 0.11951551331148233 0.070558482699694905 9.0163856223589214 -0.11985183320374238 0.99279164460800517 0.00053709797473932772 2.7650311702878665 -0.06998568054032607 -0.0089884634073372043 0.99750749974367725 7.6708453941051689
0.6555620846847009 0.75513319153009617 0.0034951642909049098 9.2733991278649146 -0.75393336102618003 0.65424475188214593 0.059567539536540329 2.6677919768956553 0.042694733347532446 -0.041685341359293346 0.99821815855059581 7.6872760285770925
-0.085925566556283958 0.99625253677228032 0.009883318611562204 9.5701994668419843 -0.99589718723801757 -0.086169069314231045 0.027634832095096932 1.9986310520011186 0.028382907944510687 -0.0074682306013729646 0.99956922525070668 7.6733768391985135
-0.77979975651389433 0.62525385338580153 0.031144157832209977 9.3157872353511539 -0.62474834136129331 -0.78042142316291629 0.02513786456088013 1.3763369527752176 0.040023114661204479 0.00014523971508606393 0.99919874359320593 7.6956154909848484
-0.99482108151152771 0.077690115142407104 -0.06553824676777481 8.6188022750986644 -0.082562509216326602 -0.99374169557738434 0.075238783502189044 1.0537553623176943 -0.059282778714717863 0.080260130078045708 0.99500947918485527 7.6533357311838612
-0.91983378968315532 -0.0026430506304309155 -0.39229939286275961 7.2776568768536585 -0.0027483665564232173 -0.99990935132502468 0.013180880624598712 1.1174099597589235 -0.39229866917744743 0.013202401907735049 0.91974314389696343 7.0756422775275709
-0.93899672942320234 -0.044326631781451603 -0.34105760781346156 5.8218944209930541 0.018344321479248662 -0.99670310153546537 0.079034253707174235 1.1792920818886923 -0.34343649777214325 0.067956435342766547 0.93671409453125509 6.4607144165765824
-0.95850898397097861 -0.060588394158759565 -0.27854905158730126 4.4528247825233747 0.050725022069864976 -0.99780843454672874 0.042488823041104379 1.3194817991007735 -0.28051292266655725 0.026596511813945841 0.95948169642593839 5.7927179342674231
-0.99459633429575378 -0.02000238670468581 -0.10187264761242495 3.2217085672840797 0.015172700977437822 -0.99873376070575481 0.047965241285634605 1.3751339074071263 -0.10270307176758814 0.046160369936300315 0.99364042756766169 5.2884224935349149
-0.91019281704086386 -0.41219360943766487 0.040564321095838463 1.5641687849138881 0.41400211951499477 -0.90832597688953187 0.059549682994702105 1.5005580172990349 0.012299627811783131 0.07099540862920227 0.9974008076542068 5.2786945356123081
-0.56503613884705772 -0.8239153915213383 0.043561329307634726 1.4733648466661839 0.82494311523030439 -0.5650756895411404 0.012582596064615842 1.6084950799224176 0.01424845363290757 0.04304524019963607 0.99897151554247354 5.2939270116334889
0.30624943130601978 -0.95066897676406836 0.049394153936459517 1.4146579906281709 0.95132179392479876 0.30752133173491003 0.020432203299941436 1.9753526672155435 -0.034614017802649923 0.04073238449129428 0.9985703493621324 5.289064525002404
0.90489056494833142 -0.42493228709456465 0.024609283859386256 2.0522903005479471 0.42545288771677831 0.90470434759406815 -0.022358080817590754 2.5377290427360002 -0.01276345568189932 0.030701707264807938 0.99944709683408561 5.2867293699361708
0.96589011503244271 0.017011598940072391 0.25839290080053839 3.7996080252340096 -0.0044967061074443785 0.99879122558554767 -0.04894759777050274 2.7989203649895242 -0.25891323897552637 0.046116083905962571 0.9647990679350702 5.1687433234305553
0.89899467138296252 0.0051038557181434154 0.4379298248370937 5.1944591214956315 0.0016472226963489035 0.99988561661830266 -0.015034637914681091 2.7707447552737885 -0.43795646756547368 0.014237427318350317 0.898883434145344 4.4078794042391358
0.87419411229698651 -0.081393651034971662 0.47870630620087001 6.4164029499913786 0.084200176467333618 0.99632610001308786 0.015640738971688949 2.8935860243390708 -0.4782206439585745 0.026634113537114187 0.87783577033972504 3.7768034372320343
0.87853490091944286 0.025486669644128171 0.47699775422628132 7.7540006993085884 -0.020062823100794196 0.99966319101722523 -0.016461702660565361 2.9354300938147491 -0.47725665107538429 0.0048922587533471269 0.8787503370176305 3.0020200119602873
0.96690871421533076 0.2058323671506668 0.15073345682896302 8.7610785162287073 -0.20325326660396481 0.97858695567610776 -0.032491226437072036 2.8602795188167516 -0.15419354068596181 0.00077898249055403869 0.98804035605688001 2.5701305891772988
0.52326844867704059 0.85196208469803703 -0.018727969887258646 9.3394280560246319 -0.85216440325800547 0.52320288396837111 -0.0086355096610837845 2.4952220293033522 0.0024414010425995547 0.020477999027100569 0.99978732294263228 2.5511739859819063
-0.22703824894353145 0.97328080225782687 -0.034323657628751933 9.3979187702152345 -0.97386815924814485 -0.22710546222167269 0.0019792502899786193 1.7102466229876647 -0.0058687238208167221 0.03387608279363391 0.99940880979470748 2.531502755126477
-0.91249201220595633 0.40907523594854001 -0.0039722781840023334 9.1490854751309119 -0.40909078136790011 -0.91248217403131981 0.0045841765756796087 1.2919293052140677 -0.0017493599188697262 0.0058080468939534753 0.99998160299635108 2.4875050133437027
-0.94800580318281769 -0.046092934579964905 -0.31489750477497874 8.0789862894473785 0.054841788863456385 -0.99831474992782532 -0.018974674458331803 1.2201597639555608 -0.31349222530384507 -0.035257643970501976 0.94893599532091344 2.3153027283124699
-0.92059925390758734 0.085158788387421747 -0.38111021301610354 6.9454048389511724 -0.091197119529948065 -0.99583037603050195 -0.0022243121160362908 1.2384891761853654 -0.37971054646168817 0.032708453576032949 0.92452693739578551 1.6672427486380501
-0.88137461858998056 -0.013877303428281799 -0.47221414861789746 5.6755186858543967 0.0094609212530868056 -0.99988649126087104 0.011725850206573116 1.2117211536955992 -0.4723232713665601 0.0058672858787942673 0.88140586694326428 1.0071235900997746
-0.93925381551098341 0.017453674659689562 -0.34277928655175949 4.524260693176033 -0.0057056486846137891 -0.99936218462672877 -0.035251517856398282 1.1690679490086455 -0.34317592517708362 -0.031154344463748748 0.93875432952391058 0.44208347770426121
-0.99802548324020246 -0.053741650641485589 -0.032511071798522959 3.0367796502884601 0.05440755817176305 -0.99831937083597866 -0.019956237807818661 1.256027549697359 -0.031383951582718568 -0.021685681911909123 0.99927212449015568 -0.15014785838067571
-0.99882180946007637 -0.044496445946766799 -0.019366446370083199 1.9853814447551452 0.044674208675500905 -0.99896245275662887 -0.0088449455440904722 1.2608101603195954 -0.018952784125733306 -0.0096997051793642798 0.99977332815659614 -0.18226499201833934
-0.99069933338942928 -0.1360338253464459 -0.0031030925466779221 0.96885238927035522 0.13605318801737462 -0.99067502506389693 -0.0072473957361449256 1.2947895031365013 -0.002088265320668426 -0.0076021757582966547 0.99996892255294145 -0.21071893283804871
-0.86375202949146224 -0.50387326856715042 0.0066453572391931724 -0.0069773132696728133 0.50391597633244856 -0.86364731467011391 0.013490910273821191 1.5355752193877832 -0.0010584641209636487 0.015001502809966203 0.99988691088899995 -0.22333149532430285
-0.31256091674245723 -0.9497988868975562 0.013702108351558401 -1.0261360433937987 0.9498645250807829 -0.31263806351270018 -0.0038503553196542438 2.7277082947535178 0.0079408638178401006 0.011811676053463121 0.99989870836531969 -0.21902499227731598
-0.16766423910266465 -0.98584303983537858 0.0014844979841146381 -1.3021440955825001 0.98584311525192325 -0.16766168211358329 0.0017065934568321096 3.7497364204927246 -0.00143353985213565 0.0017496168106421166 0.99999744189898221 -0.24106056584471683
-0.17527808210482287 -0.98444864516551034 -0.011766858775648032 -1.5218243431198073 0.98451880222314092 -0.17527242229744702 -0.0015185687660062028 4.8002249188361574 -0.00056745287615433515 -0.011850865528579712 0.99992961501470534 -0.23008883686576626
-0.064435369470871862 -0.99773844211956897 0.019133328982894424 -2.1181882519288995 0.99789705368684123 -0.064286672902357025 0.0082881801541078385 6.6963750512017786 -0.0070394178931093617 0.019627144569722477 0.99978258726173341 -0.25894085657308985
0.69273462814462794 -0.7207806263736708 0.02437259965007102 -1.6169056466940837 0.72113383613643256 0.69185121330766486 -0.036164748358931242 8.0100000860580352 0.0092046373354330458 0.042628479788641468 0.99904859109176092 -0.26782924121829654
0.96241771894926198 -0.27156471330214216 0.0021773244187973384 -1.1764903136649831 0.2712311722274055 0.96077147440505828 -0.057894949535153624 8.2407620860310864 0.013630314180049927 0.056309683524734942 0.99832030635297475 -0.24501590956716995
0.97616045206368462 0.21436930742320273 -0.0340084086913695 0.087967319994583848 -0.21332228378813628 0.97645966767170755 0.031939327636507676 8.0515804070936934 0.040054650993819184 -0.023923157094220226 0.99891106084996806 -0.2241577424024562
0.98305101653338267 0.18023439584018475 -0.033559818962659881 1.1328678252303344 -0.17936572303973097 0.98340265641613178 0.027334095048672097 7.9302838818977497 0.037929359223659809 -0.020851328730297245 0.99906285377801107 -0.1906812213438136
0.99775251110946428 0.060344778742424457 -0.029127894762344737 2.207006822871096 -0.059813265265353313 0.99803277245328681 0.018787187322810431 7.9041315120450593 0.030204302227577962 -0.01700272883197658 0.99939912314310719 -0.16736272932553223
0.99756559944745937 0.061513248632153003 -0.032848059938907145 3.2758398410868761 -0.061060604108848691 0.99802711933216048 0.01461067087479755 7.9615457289700231 0.033682004466681625 -0.012569380265873611 0.99935355768358491 -0.14202255234130165
0.99695782787912257 0.072054469848734773 -0.029719401160853014 4.345311528490198 -0.07117438361810198 0.99702224055213617 0.029679268201587401 7.9468517262618752 0.031769427869025216 -0.02747371870017367 0.99911755976644645 -0.11068773574658912
0.9966425966965502 0.077523075672827874 -0.026338321666014408 5.402694828558511 -0.07730730526958382 0.99696563964307794 0.009115586817304476 7.8913298282467617 0.026965070033523324 -0.0070488374426881054 0.99961152398759068 -0.092644251039677883
0.99554200083937516 0.088485054387227244 -0.032657613428158976 6.4816213210060436 -0.087981687746028658 0.99598469453246385 0.016544209815974941 7.8583663242459139 0.033990398439764445 -0.013597183795335329 0.99932966002553025 -0.070340914830834961
0.99463095706050764 0.098976474110654716 -0.030214513557585716 7.5562933947822399 -0.098314023637608675 0.99489699482617044 0.022678678136935009 7.8459302447410542 0.032304984338060838 -0.019586404940107549 0.99928612555585883 -0.063544277072989097
0.99303936511992719 0.11637832315059825 -0.018135744342783484 8.6110790169231155 -0.1158610195225217 0.99288859736800694 0.027357948969056023 7.8908111590094929 0.02119064598858944 -0.02506629444586006 0.99946117353569053 -0.052001488501974613
0.99057539917300519 0.13538956806859379 -0.020737488069699789 9.6906437960131839 -0.13504505417631732 0.99069007014441979 0.017205181189400915 7.8709542596490136 0.022873825560164839 -0.014242534024681352 0.99963690324477272 -0.04276957957967803
0.98702784564442592 0.15932377186608482 -0.019798172665355617 10.752572733570426 -0.15901872962321184 0.98714363639078806 0.016139540333954452 7.8939061733534013 0.02211505260096228 -0.012781895459408533 0.99967372056932724 -0.04957305661104653
0.99497483841201306 0.098365082766378689 -0.018691747359521886 11.80837173134462 -0.097895962304229922 0.99489390808735045 0.024545716840367104 7.7750765131634658 0.021010747048058945 -0.022592524052043345 0.99952394987085746 -0.040526459708696817
0.99960183600318631 0.018930250781849883 -0.020924030787475106 12.877393293951688 -0.018423449643744622 0.99953847293224574 0.024154039651759406 7.7853261687648603 0.021371615808902712 -0.023758929555235259 0.99948925322091686 -0.041266459613980469
0.99951427962797157 0.019531567762635843 -0.024284206400676293 13.91981946515148 -0.019015044657386619 0.99959181793032625 0.021321951210503749 7.7966203358601334 0.02469074515794685 -0.020849829435251356 0.99947768945387994 -0.026710778956369426
0.99948427815346852 0.025359722798808191 -0.019699293987543342 14.973821204591914 -0.024694756055162411 0.99914041048332858 0.033295782954932053 7.8678245823480442 0.020526732507052177 -0.032792142332783512 0.99925138411403291 -0.039159661615843701
0.99958607332746685 0.024064743090075464 -0.015766107629495683 16.040507277647343 -0.023391379085514301 0.99886110262971184 0.041585346431573252 7.8700616024974845 0.016748892329164367 -0.041199342147234141 0.99901055490539303 -0.037951737342158405
0.99961833819432955 0.022512985935313687 -0.01601072796232272 17.119327752665242 -0.022087510240762789 0.99941077745066231 0.026272415321528148 7.8776245172147874 0.016592764596996292 -0.025908751026227337 0.99952659633613039 -0.036245904200133273
0.99299120609282598 0.11684506158569032 -0.017767841887828092 18.162568892583323 -0.11658866160187846 0.99306936196574902 0.014843392833946138 7.816557335249195 0.019379076556876786 -0.012667829647434117 0.99973195281726701 -0.036906017762527242
0.90274748423528473 0.4299727755043663 -0.013053429891654901 19.212506592160331 -0.42990118947489769 0.90284039913416236 0.0080113032232352437 7.6013429309911187 0.015229806135753046 -0.0016204987930720164 0.9998827066154955 -0.036531436102457876
0.89053628938018237 0.45490003809532442 0.0033275573396116523 20.171639834783981 -0.45486448025697934 0.89031307908599766 0.020998233472317152 7.2050022106702203 0.0065895293856267287 -0.020213276559783812 0.99977397523299905 -0.053385718368129442
0.77826961754411683 0.62792937897316137 0.0010475829866201285 21.120825141539893 -0.62791252814038878 0.77823403123180135 0.0088119031454669088 6.7469204723968357 0.0047179881389774513 -0.0075158269724238348 0.99996062569125232 -0.055066339639020606
0.6662618631428151 0.74571313406693718 0.0026554475198951061 21.940817188788213 -0.74555175107112548 0.66603407165266804 0.023477688824655833 6.0598659988462078 0.015739002390346691 -0.017622062246937718 0.99972083439624371 -0.081958837731598636
0.46740736235414609 0.88399553312867318 -0.0090694556447977956 22.630048668936226 -0.88401218343980981 0.46745130909076194 0.003425369952713888 5.2363796797606943 0.0072675406514135805 0.0064164661524830635 0.9999530048032228 -0.10334635219563575
0.22586758491972558 0.97413988689407427 -0.0059426294290255569 23.040760664922704 -0.97415134305335449 0.22588440969670359 0.0023225596477305576 4.2442791209396882 0.0036048453331666828 0.0052644295010887262 0.99997964522891758 -0.11688101472750796
-0.10249606042734336 0.99472948171169517 -0.0027956771016102132 23.183804684216199 -0.99471228327034444 -0.10247516153686792 0.0068054962413435843 3.1982786067394846 0.0064831402863501659 0.0034784309070201242 0.99997293433895129 -0.14230158264412743
-0.11074714241714462 0.99354790310049101 0.024446568083349676 23.143497810696871 -0.99384464677750572 -0.11078270560644254 0.00010104558997317201 2.1970050683842066 0.0028086505891009787 -0.024284900311375521 0.99970113288859219 -0.15613981942405761
0.032482449885324366 0.99880333054808312 0.036562239202543735 23.16447295680468 -0.99946871443075347 0.032362522517384848 0.0038673001498048822 1.139178518000997 0.0026794259803758847 -0.036668433595783631 0.9993238947678813 -0.16074717182942602
0.03563283932937987 0.99927761068951682 0.013212022402986742 23.296253497967562 -0.99928465618400653 0.03579444450116756 -0.01220383784162125 0.074539913077215858 -0.012667938922269485 -0.012767713871451702 0.99983824132004395 -0.18807405609960123
-0.026000162091521124 0.99888894978877651 0.039304676071553961 23.338917569469682 -0.9996301489902637 -0.025665672534891406 -0.0089910223576095301 -0.99481700270544837 -0.007972251935177508 -0.039523907236087868 0.99918682134817771 -0.21175370816493946
-0.026639558409957072 0.99958519126934753 0.010944374022501686 23.354506982019746 -0.99958636951191315 -0.026517716729295916 -0.011131063985883637 -2.0758588191168821 -0.010836226913252676 -0.01123637372494987 0.99987815262250723 -0.24090249605520536
-0.042353722640338869 0.99878007048629269 0.025387654044860573 23.328527279458434 -0.99908118460103801 -0.042172458104825207 -0.0076335020523587028 -3.141591196175936 -0.0065535299413254054 -0.025687634706080691 0.99964853657098651 -0.26959823457186111
-0.051647511124670878 0.99794533542593111 0.037916251083839669 23.304882693577941 -0.99861311997984481 -0.051219175613273465 -0.012183294038010816 -4.2146907944590488 -0.010216222332495296 -0.038492902607135608 0.99920664792130487 -0.30039176148195218
-0.051161215878629943 0.99731933132885209 0.052313299911126619 23.262589035984327 -0.99855921565845995 -0.051933290357343447 0.013506523469086998 -5.2904297298388343 0.016187118748602621 -0.051546917564788644 0.99853937953201799 -0.29263266214513256
-0.30907770218531028 0.95082206366653887 0.020208346215190586 23.138350031124375 -0.95081852046882676 -0.30939221846591802 0.014852484176354945 -6.3143572631794518 0.020374374722181576 -0.014623898168477862 0.99968546376199652 -0.302551854123013
-0.59163408069367629 0.80581135209410304 0.025242412682273556 22.64644352285088 -0.80582066717569711 -0.5920296260878275 0.012408633559811161 -7.2409164651250943 0.024943273928312734 -0.012999487319930376 0.99960434493611328 -0.29894504872734379
-0.98440336448821975 0.17537427693845367 0.013924042968462077 21.32487968274199 -0.17450650207776658 -0.98343095033833905 0.049102409810656916 -8.1577345874904186 0.02230463442550612 0.045906741388883204 0.99869668787785548 -0.26681763516567386
-0.99442862191223957 0.10073393701881821 0.03105462694048956 20.292232388897194 -0.10084026749952359 -0.99490086546545764 -0.0018730581165628027 -8.3117814328157902 0.030707594701453553 -0.0049941794893919615 0.99951593373936709 -0.24792201081300547
-0.99980589162582556 0.0011232159213136938 0.019670217494530629 19.202785318963944 -0.00095137668364145864 -0.99996132499937795 0.0087431909446292998 -8.3986645708399603 0.019679277240128884 0.0087227800317634871 0.9997682927337832 -0.23042320180689968
-0.99874147265107838 -0.036657220702821458 0.034230380907903153 18.138205438494474 0.036476055592463079 -0.99931709694728332 -0.0059022976263046704 -8.293878546067301 0.034423366703026682 -0.0046462801463726285 0.99939653987075139 -0.21760836297454764
-0.9975271249615496 -0.062385903410673411 0.03236717506331141 17.063508150051501 0.061764056790614051 -0.99789297429203916 -0.019869905569814619 -8.2515009151603547 0.033538578603016615 -0.017821641737552546 0.999278516146058 -0.19194220611128598
-0.99774769449970724 -0.057384633982311223 0.03473531205034721 16.018561284904489 0.056639463113713186 -0.99815072564330387 -0.022070344717203851 -8.1862948498371111 0.03593757558196084 -0.020053246132784978 0.99915282013355133 -0.17563608348389489
-0.99785730304058773 -0.059171293042488728 0.027920616903008715 14.955209389367573 0.05915748199676657 -0.99824778833695849 -0.0013211374542677081 -8.1651459348482316 0.027949867483887832 0.00033340673471687134 0.99960927053903537 -0.15149352135230174
-0.99695319096699364 -0.074721338897308059 0.022384292129142232 13.891231433434587 0.074696368750206812 -0.99720441590947473 -0.001950739904848015 -8.1236782321175358 0.022467476855718985 -0.00027277103379411794 0.99974753717111042 -0.14783488751924376
-0.99515661354915963 -0.097595530934114147 0.011765494084691562 12.824200754253766 0.097409848846670963 -0.99512458239633761 -0.015439781675379013 -8.1145064970386329 0.013214986077830693 -0.014218925845612343 0.99981157539346366 -0.12968834293867113
-0.99470612838083949 -0.10100210407357696 0.018928632658256381 11.827296463892866 0.1009878703465736 -0.99488618952260444 -0.0017087832092290477 -8.0274787659579054 0.019004425917783549 0.00021182517043550201 0.99981937715050939 -0.15182273936688895
-0.99407490831464818 -0.10853161956792237 0.0059970170241101474 10.796807453859714 0.10846836288000977 -0.99404936864241344 -0.010023320594968937 -7.9796296070284791 0.0070491782041749882 -0.0093134448826832968 0.99993178208868982 -0.1104172120970227
-0.99359662127144177 -0.11214722739390613 0.013738762165292103 9.7318215917835769 0.11193505997178943 -0.99359700352667013 -0.015347212513489909 -7.890541497547253 0.015371940251212775 -0.013711089332428244 0.99978783223353507 -0.10865744832197115
-0.99551090652434693 -0.093291123786146027 0.01596249397152303 8.6803271781975084 0.093212095470605022 -0.99563037497826079 -0.0056268711222793658 -7.8124341457876953 0.016417680988852951 -0.004113714059813439 0.99985675829469811 -0.10858786968251483
-0.99653510481413909 -0.081085789885539911 0.018517007093777842 7.608981260552004 0.080520742995761632 -0.99631757532480436 -0.029456731765646952 -7.7474049118158499 0.020837341972608898 -0.027863664108312182 0.99939452740245471 -0.088847744949974966
-0.99740061760570098 -0.072055571921095435 5.0545920065857416e-05 6.5600413160793343 0.0720361734142137 -0.99714789450435293 -0.022513689288371174 -7.7128875358873206 0.0016726385154968802 -0.022451526466141018 0.9997465334972343 -0.10145640242546852
-0.99708106649699502 -0.075328499104371019 0.012448455964411385 5.4888781010106982 0.075219952737080778 -0.99712662183979561 -0.0089698789617535385 -7.7019856724338398 0.013088374362251748 -0.0080073242122415209 0.99988228167895532 -0.081483976109896425
-0.99586853085258631 -0.088062390938729959 0.022155914778351729 4.4355808132615717 0.087892758116403596 -0.99609351515536371 -0.0085189281087690669 -7.7044038298097597 0.022819560210544407 -0.0065363879616573322 0.99971823195549059 -0.088797530207477826
-0.99570497620163534 -0.09172097120470428 0.012604118714395924 3.3723102474250317 0.091599067464469913 -0.99574643755480385 -0.0099319150498043563 -7.6702611494506705 0.013461471202668251 -0.0087347317178519696 0.99987123833765557 -0.097398241653434789
-0.99440565335050701 -0.10559992222729309 -0.0024602865972808362 2.3126614362321529 0.10562857626387637 -0.99413112364477985 -0.023364778561626814 -7.6766307335334858 2.147131952272656e-05 -0.023493944461436305 0.99972397896250609 -0.098928081486793273
-0.99428144728421219 -0.10599403738143272 0.013025652613048961 1.254074331486341 0.1059218389201463 -0.99435565636062473 -0.0061149573510881653 -7.7588538843232202 0.013600280371630894 -0.0047002875672120196 0.99989646447549685 -0.083554971018314564
-0.99350930125619863 -0.11248788177727007 0.016903986828048664 0.17451539766053686 0.11244403397792964 -0.99365180562460853 -0.0035253938397473532 -7.7556450252782598 0.01719324111940897 -0.0016017591011247211 0.99985090229873363 -0.0692706152502163
-0.95947123480600682 -0.2795928976082393 0.0352528181407517 -0.86418426526164238 0.28023781867840053 -0.95981625348843091 0.01481635993771265 -7.6025604697577336 0.029693678825773583 0.024095044022798013 0.99926858966512655 -0.077937736207528849
-0.34450377826263623 -0.93559582235093519 0.077314965965495586 -2.0016031215685932 0.93860534796742012 -0.34165700198796572 0.04785910320465156 -6.6572476387161128 -0.018361577539161431 0.089055882411397128 0.99585737044930334 -0.05944429161696748
-0.18542073984503243 -0.98261796570250715 0.0090045940490090515 -2.2911085238704194 0.9825861457688243 -0.18528741330251886 0.013893905672215023 -5.6854231713468204 -0.011983963388114307 0.011424007629907897 0.99986292894135453 -0.094788855681196049
-0.18802826904938183 -0.98215655916294542 0.0037233494997297887 -2.4360281446143643 0.98216217123576144 -0.18803314521805806 -0.001002842390106318 -4.6927212943421388 0.0016850613484298406 0.0034683703101831597 0.99999256546018556 -0.10795897382963673
-0.18526856989378643 -0.98236341765584323 0.02525218131256372 -2.6700684314704328 0.98267393237751166 -0.18534188228678541 -0.00057384327908747545 -3.6476262840575715 0.0052440094611609549 0.024708345187867204 0.99968094812437458 -0.13970796567114394
-0.1835366787085973 -0.98293029827644129 0.012740341392728784 -2.860294740757567 0.98297067523746751 -0.18363345950820248 -0.0068850687902531609 -2.6256686056207066 0.009107095684919693 0.011259719323123186 0.99989513426606402 -0.14923320427481573
0.24104827208401719 -0.96890440753676621 0.055856777396637143 -3.0456419866275248 0.97048969138626084 0.24104287076385919 -0.0069349381336539151 -0.9723994768548585 -0.0067445858516111843 0.055880081511620293 0.99841470694894363 -0.16566801128122405
0.47972775433836085 -0.87739234333168736 -0.0066300513123015601 -2.5955017189551226 0.87740725678627329 0.47967219521677112 0.0084315404707833233 0.011791734050753198 -0.0042175177841850152 -0.0098620991099406339 0.99994247411782933 -0.18923148804187659
0.48752843543375263 -0.8730957129303536 -0.0044610207525605655 -2.175190200136611 0.87308505600680009 0.48747344283452237 0.0095983075935502336 0.9759967239457471 -0.006205612066508619 -0.0085742984374922934 0.99994398432371434 -0.22119433301035177
0.87578009994181971 -0.48239322066151713 0.017492775814752892 -1.2944312277891941 0.48269530708834774 0.87546315157787102 -0.023864424238336589 2.2564372274874076 -0.003802244177064768 0.02934366863823417 0.99956215016879635 -0.24604695031594159
0.99936373617675789 0.035496643013829751 -0.003480107696641001 -0.81162186901787714 -0.035594128368256095 0.99879460131370623 -0.033799443964343374 2.3968220410004406 0.0022761459829270698 0.033901810000992752 0.99942257651011712 -0.25317256582439285
0.84004566934095481 0.54225321855442821 -0.016873659617013967 -0.32618209335601667 -0.54250022199236136 0.83985017602321943 -0.018579315703384669 2.2426817859711039 0.004096652260805903 0.02476143778400031 0.99968499470539385 -0.24264171827563499
0.11097286283102387 0.99368681305126039 0.016478509735897748 0.38967953488642559 -0.99316885431172286 0.11028282507457324 0.038122504098117516 1.2378175282525898 0.036064532996098346 -0.020596506053221674 0.99913719448240579 -0.24808724443744143
0.87083112074974578 0.49129321673178833 0.016856284497885735 0.59125084158257835 -0.4915818820300154 0.8702734739949135 0.031166227244449344 0.71900992904478811 0.0006421787676977955 -0.035426764658329127 0.99937206882735807 -0.26169866449689905
0.99969781741172647 -0.023492606174293121 0.0072368029799031019 0.13646330733270698 0.023329516297600644 0.999488992960471 0.021851467231822554 -0.10134650336602462 -0.0077464528366443658 -0.02167603298583469 0.99973503592824364 -0.23355774505194712
