1784862106.780835
1784862108.580733
1784862109.780765
1784862111.280915
1784862113.180765
1784862116.080952
1784862117.980925
1784862120.180914
1784862121.679930
1784862122.981048
1784862124.880310
1784862125.480863
1784862127.781320
1784862131.680688
1784862133.980271
1784862136.780823
1784862137.880529
1784862138.980598
1784862140.180700
1784862141.280958
1784862146.380819
1784862150.080790
1784862152.180579
1784862155.380769
1784862157.181015
1784862159.680398
1784862161.680789
1784862164.280985
1784862167.680758
1784862170.681133
1784862175.881024
1784862177.480527
1784862179.980192
1784862182.782014
1784862184.480786
1784862185.580835
1784862186.680902
1784862187.781105
1784862188.980784
1784862190.180603
1784862191.380649
1784862192.580487
1784862193.780488
1784862194.980408
1784862196.180793
1784862197.380726
1784862198.578181
1784862199.780266
1784862200.980584
1784862202.180853
1784862203.382853
1784862204.580433
1784862205.780531
1784862206.980827
1784862208.180553
1784862209.978741
1784862211.080267
1784862212.280775
1784862213.480806
1784862214.680824
1784862215.880961
1784862217.080880
1784862218.280224
1784862219.480578
1784862220.680816
1784862221.880826
1784862223.080787
1784862224.280640
1784862225.480884
1784862226.680901
1784862227.780983
1784862228.981032
1784862230.180826
1784862231.380935
1784862233.280804
1784862235.380664
1784862237.380831
1784862238.580910
1784862239.679838
1784862240.880866
1784862242.080700
1784862243.280841
1784862244.481013
1784862245.680191
1784862246.880684
1784862248.080920
1784862249.280870
1784862250.380887
1784862251.580757
1784862252.780629
1784862253.981212
1784862255.180664
1784862256.381077
1784862257.580587
1784862258.781017
1784862259.978317
1784862261.980885
1784862263.180847
1784862264.680647
1784862265.880856
1784862267.080867
1784862268.280950
1784862269.380976
1784862270.580990
1784862271.780980
1784862272.981042
1784862274.181030
1784862276.481220
1784862277.681922
1784862278.780858
1784862279.980980
1784862282.280873
1784862283.780983
1784862284.880582
1784862286.081237
1784862287.280742
1784862288.479420
1784862290.280638
1784862292.380930
1784862293.481320
1784862297.681021
1784862299.981136
1784862301.380606
1784862302.980947
1784862304.879388
1784862305.980969
1784862306.981434
1784862307.981134
1784862309.880924
1784862311.081387
1784862312.280546
1784862313.480870
1784862315.181167
1784862316.381019
1784862317.481045
1784862318.580966
1784862319.779686
1784862320.881081
1784862322.080559
1784862323.281052
1784862324.480993
1784862325.679010
1784862326.880966
1784862328.081099
1784862329.280983
1784862330.480568
1784862331.581091
1784862332.780692
1784862333.980876
1784862336.181172
1784862337.780982
1784862338.981112
1784862340.181287
1784862341.281021
1784862342.479227
1784862343.681047
1784862344.881066
1784862346.081042
1784862347.280996
1784862348.481294
1784862349.678777
1784862350.881054
1784862352.081190
1784862353.280981
1784862354.481113
1784862355.680984
1784862356.880973
1784862358.080977
1784862359.280911
1784862360.481105
1784862361.680924
1784862363.781157
1784862364.980841
1784862366.181248
1784862367.281160
1784862368.481100
1784862369.680169
1784862370.780721
1784862371.981278
1784862373.181995
1784862375.481059
1784862376.579312
1784862377.781066
1784862378.981067
1784862380.181160
1784862381.382453
1784862382.581217
1784862383.781124
1784862384.981065
1784862386.181320
1784862387.381085
1784862388.581114
1784862390.580786
1784862392.581116
1784862393.781024
1784862394.980925
1784862396.081240
1784862397.277280
1784862398.381256
1784862399.581274
1784862400.680542
1784862401.881434
1784862402.981028
1784862404.181558
1784862405.380918
1784862406.481232
1784862407.681230
1784862408.781433
1784862409.981241
1784862411.180790
1784862412.381069
1784862413.580903
1784862414.780733
1784862415.980539
1784862418.281107
1784862419.481201
1784862421.281226
1784862422.481295
1784862424.181156
1784862425.280869
1784862426.381109
1784862427.481246
1784862428.684720
1784862430.781233
1784862431.781240
1784862432.881169
1784862434.978904
1784862439.280032
1784862440.881215
1784862442.480870
1784862444.180212
1784862446.580628
1784862448.480552
1784862450.481093
1784862451.781503
1784862454.380723
1784862455.881442
1784862459.780530
1784862462.079556
1784862463.280979
1784862464.481379
1784862465.581204
1784862466.781341
1784862467.980965
1784862469.180814
1784862470.381304
1784862471.581388
1784862472.780363
1784862473.981318
1784862475.181355
1784862476.380886
1784862477.580378
1784862478.781440
1784862479.981364
1784862481.181554
1784862482.381273
1784862484.072586
1784862485.071790
1784862486.068889
1784862488.065630
1784862489.170479
1784862490.276659
1784862491.381347
1784862492.580865
1784862493.781370
1784862494.972784
1784862497.281398
1784862498.481401
1784862499.680406
1784862500.881378
1784862502.081479
1784862503.281406
1784862504.481384
1784862505.680710
1784862507.781011
1784862509.381167
1784862510.581388
1784862512.480753
1784862514.579024
1784862516.480877
1784862518.378535
1784862519.381258
1784862520.781307
1784862523.880988
1784862525.780473
1784862527.580554
1784862529.579146
1784862531.281521
1784862533.177878
1784862535.081048
1784862536.181229
1784862536.777786
1784862538.181243
1784862540.680778
1784862542.181392
1784862544.380846
1784862546.381269
1784862548.081088
1784862550.881056
1784862552.481163
1784862553.880986
1784862555.780908
1784862557.878381
1784862559.781140
1784862561.681188
1784862563.381263
1784862565.481277
1784862566.076722
1784862567.075610
1784862568.681393
1784862571.081353
1784862572.981300
1784862574.980801
1784862577.081234
1784862578.680797
1784862579.779561
1784862581.281059
1784862582.275269
1784862583.681411
1784862585.281500
1784862587.080852
1784862588.681266
1784862590.681256
1784862591.881332
1784862592.981064
1784862594.181443
1784862595.981285
1784862597.181082
1784862598.381329
1784862600.581428
1784862602.179096
1784862602.781329
1784862604.281338
1784862605.382082
1784862606.581464
1784862607.781487
1784862608.981053
1784862610.178003
1784862611.381388
1784862612.581466
1784862613.781272
1784862614.981088
1784862616.175906
1784862617.381405
1784862618.581114
1784862619.780996
1784862620.981134
1784862622.181572
1784862623.381433
1784862624.581232
1784862625.780893
1784862626.981139
1784862628.177975
1784862629.380963
1784862630.581655
1784862631.781380
1784862632.981413
1784862634.080691
1784862635.281495
1784862636.481413
1784862637.681456
1784862638.881358
1784862640.078378
1784862641.275198
1784862642.481485
1784862643.681077
1784862644.879925
1784862646.781394
1784862647.977834
1784862649.181012
1784862650.381291
1784862651.581209
1784862652.781408
1784862653.979855
1784862655.169291
1784862656.371416
1784862657.475089
1784862658.681535
1784862659.879246
1784862661.081282
1784862662.280083
1784862663.481572
1784862664.680202
1784862665.881102
1784862667.081018
1784862668.272463
1784862669.480962
1784862670.679055
1784862671.881576
1784862673.681260
1784862674.879969
1784862675.977590
1784862677.177588
1784862678.378029
1784862680.250887
1784862681.581410
1784862682.681588
1784862684.481549
1784862685.081404
1784862685.681497
1784862687.581525
1784862688.879299
1784862693.972390
